3
590 1006 1509
0.634452 0.358677 0.684706 
0.788065 0.196807 0.5832850000000001 
0.789146 0.328898 0.518724 
-0.796899 0.32523 0.509095 
-0.796685 0.194571 0.57222 
-0.647098 0.355164 0.674628 
0.686427 0.138779 0.7138330000000001 
-0.699176 0.137335 0.701635 
0.548302 0.228849 0.8043590000000001 
-0.56542 0.22667 0.793045 
0.459547 0.404506 0.790691 
-0.478064 0.401148 0.781368 
0.485608 0.539713 0.687673 
-0.501355 0.53543 0.679675 
0.589244 0.56004 0.582363 
-0.601486 0.555151 0.574476 
0.717146 0.473305 0.511551 
-0.726199 0.468538 0.5030980000000001 
0.109689 -0.975707 0.189644 
0.047126 -0.992149 0.115839 
0.102906 -0.985153 0.137421 
-0.113336 -0.984075 0.136933 
-0.057094 -0.991651 0.115623 
-0.121117 -0.974474 0.189025 
-0.014159 0.884354 0.466603 
0.224338  0.891 0.394704 
-0.010016 0.971021 0.238784 
-0.010016 0.971021 0.238784 
-0.24709 0.886482 0.391274 
-0.014159 0.884354 0.466603 
0.539687 -0.8398600000000001 0.058081 
0.370967 -0.792148 -0.48465 
0.748145 -0.411661 -0.520398 
-0.755259 -0.404201 -0.5159510000000001 
-0.38728 -0.78542 -0.482834 
-0.5601040000000001 -0.826708 0.053268 
0.944375 -0.312256 0.103209 
0.622332 -0.704526 0.341095 
0.582579 -0.788006 0.199117 
-0.604577 -0.773334 0.190898 
-0.645753 -0.689224 0.328592 
-0.9475940000000001 -0.304968 0.09518400000000001 
0.261615 0.012915 -0.965086 
0.401466 -0.013195 -0.915779 
0.296546 -0.164583 -0.94073 
-0.302836 -0.164011 -0.938824 
-0.406614 -0.01305 -0.913507 
-0.267067 0.012944 -0.963591 
0.7811860000000001 -0.046087 -0.622595 
0.718168 -0.06544800000000001 -0.692786 
0.711166 -0.002473 -0.70302 
-0.714253 -0.002265 -0.699884 
-0.721223 -0.064731 -0.689672 
-0.783639 -0.045432 -0.619553 
0.694499 0.19733 -0.691905 
0.721311 0.159798 -0.673926 
0.707822 0.186942 -0.681205 
-0.708827 0.18642 -0.680303 
-0.722587 0.159251 -0.672687 
-0.695998 0.196634 -0.690595 
0.690787 0.243631 -0.680777 
0.745524 0.146776 -0.650116 
0.734349 0.014376 -0.67862 
-0.735009 0.01444 -0.677903 
-0.746068 0.146456 -0.649564 
-0.691648 0.243041 -0.680113 
-0.660508 -0.136143 -0.738373 
-0.549994 -0.040169 -0.834202 
-0.658228 -0.184858 -0.72977 
-0.753875 -0.175852 -0.633047 
0.653559 -0.186635 -0.733504 
0.545888 -0.040507 -0.836879 
0.65766 -0.137076 -0.740739 
0.751355 -0.177436 -0.6355960000000001 
-0.642335 0.25795 -0.721712 
-0.599463 0.176193 -0.7807690000000001 
0.596485 0.176907 -0.7828850000000001 
0.63991 0.259036 -0.723475 
-0.709551 0.292718 -0.640979 
-0.714193 0.250483 -0.653595 
0.711724 0.251939 -0.655726 
0.707416 0.2942 -0.642658 
-0.653473 0.257749 -0.711715 
-0.679598 -0.077652 -0.729463 
0.6518620000000001 0.258574 -0.712892 
0.678078 -0.07807600000000001 -0.730832 
-0.707416 0.304777 -0.637709 
0.705843 0.305982 -0.6388740000000001 
-0.720639 0.278391 -0.6349630000000001 
0.7197440000000001 0.279181 -0.63563 
-0.7649010000000001 0.164592 -0.622765 
0.764354 0.165003 -0.623328 
-0.761711 0.014434 -0.647757 
0.761033 0.014368 -0.648554 
-0.742013 -0.097132 -0.663312 
0.740632 -0.097742 -0.664764 
-0.733227 0.117131 -0.66982 
-0.730024 0.122962 -0.672269 
0.732056 0.117498 -0.671036 
0.7292340000000001 0.123255 -0.673072 
-0.723954 0.104929 -0.681822 
-0.728444 0.033054 -0.684308 
0.727541 0.033055 -0.685267 
0.722587 0.105269 -0.683218 
-0.718549 0.064287 -0.692499 
-0.710997 -0.022985 -0.702819 
0.709568 -0.023213 -0.704255 
0.716974 0.064461 -0.694113 
-0.715279 0.019746 -0.69856 
-0.729687 -0.044165 -0.682354 
0.71344 0.019706 -0.70044 
0.7276510000000001 -0.044596 -0.684496 
-0.694704 -0.018114 -0.719068 
-0.679995 -0.045043 -0.731832 
0.677376 -0.045463 -0.734231 
0.692367 -0.018371 -0.721311 
-0.687448 0.108627 -0.718064 
-0.703059 0.056683 -0.708869 
-0.6862200000000001 0.032868 -0.7266510000000001 
-0.661878 0.046963 -0.748139 
0.683725 0.032909 -0.728997 
0.700961 0.05685 -0.71093 
0.685046 0.109101 -0.720284 
0.658901 0.047095 -0.750754 
-0.711508 0.100308 -0.695482 
-0.698071 0.153962 -0.69928 
0.695947 0.154657 -0.701241 
0.709755 0.100675 -0.697218 
-0.7131690000000001 0.139737 -0.686923 
-0.702164 0.185895 -0.68732 
0.700337 0.186676 -0.688971 
0.711631 0.14025 -0.688412 
-0.7303770000000001 -0.02428 -0.682612 
-0.75512 -0.05282 -0.653456 
0.75322 -0.053339 -0.655602 
0.728973 -0.02453 -0.684102 
-0.736557 0.038441 -0.6752820000000001 
0.735612 0.038466 -0.676311 
-0.739847 0.131151 -0.659868 
0.739018 0.131497 -0.660728 
-0.719037 0.200764 -0.665342 
 0.718 0.201373 -0.666277 
-0.71011 0.213944 -0.6708 
0.708577 0.214773 -0.672155 
-0.720276 0.203623 -0.663129 
0.7184660000000001 0.204558 -0.664802 
-0.702727 -0.047006 -0.709905 
0.700193 -0.047469 -0.712374 
-0.714263 -0.019331 -0.69961 
0.711963 -0.019613 -0.701943 
-0.705858 0.040265 -0.707208 
0.703395 0.040359 -0.709653 
-0.682367 0.048309 -0.729412 
0.679402 0.048465 -0.732164 
-0.706687 0.112156 -0.69858 
0.704313 0.112693 -0.700888 
-0.721384 0.164937 -0.672608 
0.719344 0.165752 -0.674589 
-0.720813 0.147021 -0.677358 
-0.798455 0.259354 -0.543328 
0.796706 0.261143 -0.545036 
0.7182770000000001 0.14787 -0.679862 
-0.725034 0.214071 -0.654598 
0.711724 0.251939 -0.655726 
0.722761 0.215283 -0.656711 
-0.7341720000000001 0.255523 -0.629047 
0.732296 0.256833 -0.630698 
-0.774901 -0.102791 -0.623669 
0.772872 -0.103768 -0.62602 
0.707416 0.2942 -0.642658 
-0.783639 -0.045432 -0.619553 
-0.8616470000000001 -0.105095 -0.496508 
-0.859465 0.194193 -0.472874 
-0.798455 0.259354 -0.543328 
0.858314 0.195725 -0.474331 
0.860162 -0.106532 -0.498771 
0.7811860000000001 -0.046087 -0.622595 
0.796706 0.261143 -0.545036 
-0.753875 -0.175852 -0.633047 
-0.658228 -0.184858 -0.72977 
0.653559 -0.186635 -0.733504 
0.751355 -0.177436 -0.6355960000000001 
-0.658228 -0.184858 -0.72977 
0.653559 -0.186635 -0.733504 
-0.724156 0.26945 -0.634819 
0.72261 0.270586 -0.636096 
-0.728961 0.248768 -0.637754 
0.727968 0.249551 -0.638582 
-0.756149 0.154144 -0.6359860000000001 
0.755419 0.154571 -0.63675 
-0.755481 0.028914 -0.654532 
0.754638 0.028903 -0.655505 
-0.7525190000000001 -0.054132 -0.656342 
0.751165 -0.054552 -0.657857 
-0.742013 -0.097132 -0.663312 
0.740632 -0.097742 -0.664764 
-0.761711 0.014434 -0.647757 
0.761033 0.014368 -0.648554 
-0.7649010000000001 0.164592 -0.622765 
0.764354 0.165003 -0.623328 
0.7197440000000001 0.279181 -0.63563 
0.705843 0.305982 -0.6388740000000001 
-0.507916 -0.279902 -0.814663 
-0.338956 -0.4003 -0.851393 
0.329919 -0.402265 -0.854012 
0.500393 -0.282118 -0.818546 
-0.549994 -0.040169 -0.834202 
0.545888 -0.040507 -0.836879 
-0.458299 0.215186 -0.862356 
-0.323156 0.279692 -0.90407 
0.319053 0.280272 -0.905347 
0.454504 0.215849 -0.864196 
-0.599463 0.176193 -0.7807690000000001 
0.596485 0.176907 -0.7828850000000001 
-0.994972 -0.076344 -0.064826 
0.995075 -0.078083 -0.061072 
-0.667243 0.482569 -0.567374 
-0.598887 0.376101 -0.707024 
-0.714193 0.250483 -0.653595 
0.596033 0.377641 -0.7086130000000001 
0.711724 0.251939 -0.655726 
0.6643170000000001 0.485087 -0.568659 
-0.769173 0.501599 -0.395943 
0.766577 0.505119 -0.396504 
-0.87824 0.436223 -0.195971 
0.876253 0.440698 -0.194849 
-0.977256 0.15143 -0.148457 
-0.908588 0.413195 -0.061132 
0.907001 0.417021 -0.058676 
0.977287 0.15304 -0.146592 
-0.697225 0.7148330000000001 -0.053759 
-0.688367 0.717665 0.105394 
0.6807760000000001 0.724308 0.109187 
0.6894670000000001 0.722503 -0.051227 
-0.463064 0.874246 0.145831 
-0.300611 0.928499 0.217998 
0.286596 0.932407 0.22018 
0.452398 0.879368 0.148488 
-0.469103 0.8311 -0.29869 
-0.005235 0.969102 -0.246604 
-0.005235 0.969102 -0.246604 
0.462246 0.83496 -0.298616 
-0.812458 0.521234 -0.261204 
-0.8578710000000001 0.513829 -0.006173 
0.854771 0.518997 -0.003072 
0.808976 0.526789 -0.260867 
-0.619015 0.63622 -0.460484 
0.614502 0.639949 -0.46136 
-0.386046 0.7528820000000001 -0.533045 
-0.5258040000000001 0.580993 -0.621271 
0.380554 0.755219 -0.5336880000000001 
0.521683 0.583381 -0.622506 
-0.336473 0.61224 -0.715506 
-0.466689 0.46643 -0.751429 
0.331954 0.613661 -0.716398 
0.463055 0.467892 -0.7527660000000001 
-0.002406 0.6014620000000001 -0.798898 
-0.002048 0.338472 -0.940974 
-0.002406 0.6014620000000001 -0.798898 
-0.002048 0.338472 -0.940974 
-0.003606 0.8332039999999999 -0.552955 
-0.003606 0.8332039999999999 -0.552955 
-0.002497 0.024084 -0.999707 
-0.002497 0.024084 -0.999707 
-0.351226 -0.877257 -0.327201 
-0.513594 -0.857335 -0.034613 
0.495599 -0.867968 -0.031852 
0.333009 -0.884155 -0.327681 
-0.009502999999999999 -0.89818 -0.439526 
-0.009726 -0.959497 -0.281551 
-0.009502999999999999 -0.89818 -0.439526 
-0.009726 -0.959497 -0.281551 
-0.004766 -0.445599 -0.89522 
-0.004766 -0.445599 -0.89522 
-0.003117 -0.186878 -0.982378 
-0.003117 -0.186878 -0.982378 
-0.901035 -0.384095 0.201512 
-0.645753 -0.689224 0.328592 
-0.589274 -0.6711780000000001 0.449752 
-0.901035 -0.384095 0.201512 
0.565901 -0.683002 0.461805 
0.622332 -0.704526 0.341095 
0.895577 -0.39192 0.210571 
0.895577 -0.39192 0.210571 
-0.587607 -0.7332300000000001 0.342187 
-0.587607 -0.7332300000000001 0.342187 
0.567981 -0.744393 0.351107 
0.567981 -0.744393 0.351107 
-0.566808 -0.777077 0.273641 
-0.53862 -0.820117 0.193125 
0.525432 -0.827633 0.197347 
0.5495910000000001 -0.7869930000000001 0.280343 
-0.420862 -0.901228 -0.103268 
-0.433718 -0.897913 0.075111 
0.424264 -0.902265 0.076928 
0.406474 -0.907951 -0.102004 
-0.214519 -0.964662 -0.153002 
0.197929 -0.9682730000000001 -0.152551 
-0.167541 -0.980049 -0.106929 
-0.325706 -0.934206 -0.145513 
-0.176239 -0.970755 -0.163019 
-0.359356 -0.922019 -0.144032 
0.349215 -0.926011 -0.143362 
0.318247 -0.936854 -0.144994 
0.165104 -0.972758 -0.162737 
0.159245 -0.981466 -0.106611 
-0.370937 -0.928512 -0.016448 
0.363521 -0.931458 -0.015459 
-0.31984 -0.946956 -0.031265 
0.312571 -0.9494050000000001 -0.030481 
-0.179569 -0.983745 0.000851 
0.171586 -0.985168 0.001334 
-0.004157 -0.996243 -0.08649900000000001 
-0.004111 -0.999725 0.02308 
-0.004111 -0.999725 0.02308 
-0.004157 -0.996243 -0.08649900000000001 
-0.005375 -0.981406 -0.191867 
-0.005375 -0.981406 -0.191867 
-0.008237 -0.976526 -0.215243 
-0.008237 -0.976526 -0.215243 
-0.985156 -0.130596 0.111413 
0.984137 -0.13294 0.117482 
-0.989414 0.125906 -0.072162 
0.989456 0.127073 -0.069493 
-0.909852 0.41027 0.062029 
0.908153 0.413513 0.065302 
-0.843133 0.521393 0.13144 
0.839703 0.525883 0.135448 
-0.644431 0.724192 0.245468 
0.636752 0.729534 0.249654 
-0.397573 0.87546 0.274783 
0.387721 0.879084 0.277279 
-0.216926 0.909327 0.355059 
0.204329 0.911586 0.356735 
-0.125326 0.822641 0.554577 
0.105771 0.824254 0.556253 
-0.011215 0.782046 0.62312 
-0.011215 0.782046 0.62312 
-0.511416 0.300886 0.804935 
-0.466775 0.259531 0.845438 
-0.411945 0.395035 0.821126 
-0.47616 0.421197 0.771923 
0.389261 0.398284 0.830569 
0.443993 0.261992 0.856873 
0.489276 0.30415 0.817375 
0.454162 0.425398 0.782799 
-0.398255 0.53518 0.7449670000000001 
-0.440033 0.544755 0.713872 
0.377406 0.539191 0.7528860000000001 
0.419414 0.549433 0.722645 
-0.418879 0.634852 0.649233 
-0.475504 0.618599 0.625485 
0.400895 0.6393990000000001 0.656089 
0.457909 0.623833 0.633365 
-0.587285 0.180675 0.788957 
-0.542781 0.14213 0.827761 
0.52252 0.143538 0.840458 
0.567835 0.182745 0.802601 
-0.7928770000000001 0.07937 0.604191 
-0.781555 0.030459 0.623092 
0.770536 0.030597 0.636662 
0.782079 0.080287 0.617986 
-0.869777 0.130998 0.475739 
-0.870995 0.09933400000000001 0.481145 
0.864478 0.100495 0.492522 
0.862991 0.132705 0.487479 
-0.90098 0.269588 0.339938 
-0.914397 0.235207 0.329477 
0.910562 0.238113 0.337903 
0.8965340000000001 0.273093 0.348778 
-0.874255 0.368498 0.316051 
-0.877933 0.363057 0.312125 
0.873518 0.367235 0.319538 
0.869438 0.373021 0.323935 
-0.831682 0.450819 0.324141 
-0.833978 0.451178 0.317678 
0.828588 0.456095 0.324684 
0.825826 0.456083 0.331662 
-0.684199 0.563164 0.463377 
-0.676377 0.559608 0.478909 
0.666571 0.564865 0.486426 
0.67419 0.568767 0.47114 
-0.592654 0.625394 0.507586 
-0.575575 0.647519 0.499433 
0.562939 0.653137 0.506469 
0.579847 0.6311830000000001 0.515156 
-0.520004 0.6384840000000001 0.567392 
-0.493239 0.664608 0.561259 
0.478312 0.6697610000000001 0.568011 
0.505039 0.6438660000000001 0.57478 
-0.325865 0.705679 0.629149 
-0.442024 0.731781 0.518759 
0.426777 0.736789 0.524408 
0.306842 0.709579 0.634307 
-0.545328 0.70506 0.45333 
0.532722 0.710714 0.459448 
-0.683378 0.616476 0.39109 
0.673952 0.622454 0.39792 
-0.849822 0.463695 0.250578 
0.845279 0.468628 0.256693 
-0.906208 0.354802 0.230005 
0.903004 0.358794 0.236326 
-0.942038 0.213293 0.258981 
0.939383 0.215864 0.266388 
-0.912286 0.028634 0.408552 
0.907195 0.028747 0.419728 
-0.813651 -0.06948 0.577187 
0.803244 -0.071002 0.591403 
-0.536897 0.114084 0.835898 
0.514026 0.115287 0.849992 
-0.440674 0.236711 0.865895 
0.415285 0.238984 0.877738 
-0.295002 0.578932 0.76014 
0.271402 0.582297 0.766336 
-0.346554 0.404783 0.846198 
0.3206 0.407809 0.854931 
-0.004946 -0.993541 0.113367 
-0.005564 -0.98559 0.16906 
-0.00551 -0.971078 0.238699 
-0.120289 -0.958162 0.259725 
0.108993 -0.959327 0.260407 
-0.110965 -0.972264 0.205885 
0.100869 -0.973252 0.206411 
-0.055688 -0.984772 0.164689 
0.046088 -0.985231 0.164914 
-0.004764 -0.986747 0.162198 
-0.071311 -0.983585 0.165757 
-0.004652 -0.987719 0.156172 
0.061986 -0.984168 0.166045 
-0.1348 -0.9709370000000001 0.197761 
0.125033 -0.972117 0.198383 
-0.14239 -0.949564 0.27938 
0.130813 -0.950975 0.280239 
-0.005541 -0.965947 0.258682 
-0.385839 -0.661153 0.643433 
-0.302846 -0.347686 0.887355 
0.278584 -0.349933 0.894392 
0.363312 -0.666677 0.6508040000000001 
-0.379536 -0.738259 0.557607 
-0.566808 -0.777077 0.273641 
0.5495910000000001 -0.7869930000000001 0.280343 
0.359634 -0.743695 0.563543 
-0.365485 -0.8304470000000001 0.42045 
-0.53862 -0.820117 0.193125 
0.525432 -0.827633 0.197347 
0.349749 -0.835209 0.424384 
-0.144665 -0.852434 0.502422 
-0.196651 -0.72466 0.660452 
0.173533 -0.727417 0.663891 
0.126704 -0.854301 0.504099 
-0.295664 -0.622508 0.724615 
0.272007 -0.6263530000000001 0.730544 
-0.272328 -0.5018860000000001 0.820944 
0.244889 -0.505093 0.827593 
-0.015158 -0.502754 0.864297 
-0.018085 -0.011279 0.999773 
-0.174965 -0.622705 0.762644 
-0.01103 -0.681728 0.731523 
-0.011876 -0.540778 0.841081 
-0.236127 -0.5632160000000001 0.791853 
0.15249 -0.624691 0.765838 
0.214565 -0.565631 0.796256 
-0.224325 -0.461698 0.8582030000000001 
-0.121158 -0.454412 0.882514 
0.09556099999999999 -0.455481 0.8851020000000001 
0.200041 -0.463783 0.863069 
-0.293078 -0.581132 0.759204 
-0.207098 -0.670017 0.712873 
0.271236 -0.584398 0.764794 
0.184897 -0.672592 0.716542 
-0.276583 -0.43658 0.8560950000000001 
0.250919 -0.43924 0.862617 
-0.111385 -0.433215 0.894381 
0.083333 -0.43422 0.896944 
-0.012811 -0.541125 0.840845 
-0.010893 -0.736915 0.675898 
-0.011348 -0.778249 0.627854 
-0.012811 -0.541125 0.840845 
-0.013846 -0.597826 0.8015060000000001 
-0.015158 -0.502754 0.864297 
-0.013846 -0.597826 0.8015060000000001 
-0.012811 -0.541125 0.840845 
-0.015158 -0.502754 0.864297 
-0.157374 -0.941987 0.296471 
-0.00634 -0.951585 0.307319 
0.145288 -0.9436059999999999 0.297487 
-0.009220000000000001 -0.860567 0.509253 
-0.315501 -0.923115 0.219811 
-0.296286 -0.944156 0.144165 
0.287259 -0.946749 0.145426 
0.304843 -0.926268 0.221582 
-0.241989 -0.966487 0.0857 
0.233751 -0.968438 0.086534 
-0.170575 -0.981631 0.08547200000000001 
0.162112 -0.983013 0.08605400000000001 
-0.004327 -0.9956970000000001 0.09257 
-0.014864 0.419947 0.907427 
-0.011239 0.625236 0.780354 
-0.192497 0.690702 0.697048 
0.17392 0.692688 0.699954 
-0.844942 -0.198505 0.496657 
0.836091 -0.202309 0.509924 
-0.969768 0.01454 0.243595 
0.9677789999999999 0.014424 0.251386 
-0.966861 0.211046 0.143665 
0.965549 0.213318 0.149035 
-0.899268 0.400889 0.174944 
0.896678 0.404571 0.179698 
-0.849253 0.456346 0.265553 
0.84542 0.460323 0.270866 
-0.6016550000000001 0.684872 0.41105 
0.592612 0.689635 0.416191 
-0.420063 0.7913 0.444287 
0.409225 0.794955 0.447864 
-0.293491 0.809102 0.509134 
0.280562 0.811877 0.511996 
-0.011215 0.782046 0.62312 
-0.125326 0.822641 0.554577 
0.105771 0.824254 0.556253 
-0.216926 0.909327 0.355059 
0.204329 0.911586 0.356735 
-0.397573 0.87546 0.274783 
0.387721 0.879084 0.277279 
-0.644431 0.724192 0.245468 
0.636752 0.729534 0.249654 
-0.843133 0.521393 0.13144 
0.839703 0.525883 0.135448 
-0.909852 0.41027 0.062029 
0.908153 0.413513 0.065302 
-0.989414 0.125906 -0.072162 
0.989456 0.127073 -0.069493 
-0.985156 -0.130596 0.111413 
0.984137 -0.13294 0.117482 
-0.433718 -0.897913 0.075111 
0.424264 -0.902265 0.076928 
-0.370937 -0.928512 -0.016448 
0.363521 -0.931458 -0.015459 
-0.31984 -0.946956 -0.031265 
0.312571 -0.9494050000000001 -0.030481 
-0.179569 -0.983745 0.000851 
0.171586 -0.985168 0.001334 
-0.004111 -0.999725 0.02308 
-0.800541 0.331628 0.499156 
-0.799454 0.212323 0.561954 
0.790709 0.214877 0.573243 
0.792695 0.335512 0.508985 
-0.715145 0.171203 0.677685 
0.702504 0.173186 0.690286 
-0.593571 0.247372 0.76582 
0.576686 0.249981 0.7777809999999999 
-0.519018 0.407539 0.751354 
0.500901 0.411368 0.761495 
-0.52899 0.533633 0.659852 
0.513239 0.538319 0.66843 
-0.621683 0.545783 0.561811 
0.609321 0.550993 0.570207 
-0.731694 0.466941 0.496579 
0.722478 0.471901 0.505306 
-0.894844 0.310249 0.320936 
-0.778381 0.532436 0.332617 
0.771307 0.538239 0.339684 
0.890492 0.314141 0.329149 
-0.9454280000000001 0.295621 0.137022 
-0.805601 0.573136 0.150074 
0.800045 0.579525 0.155172 
0.943318 0.29949 0.143026 
-0.584534 0.769349 0.257723 
-0.595266 0.679433 0.428986 
0.583247 0.685586 0.435654 
0.572803 0.776416 0.262822 
-0.415562 0.683656 0.599935 
0.396894 0.688775 0.606683 
-0.341126 0.820665 0.458412 
0.320021 0.826282 0.463513 
-0.254033 0.57911 0.774661 
-0.362763 0.478599 0.7995910000000001 
0.337357 0.482392 0.8083860000000001 
0.220077 0.58311 0.782016 
-0.536897 0.114084 0.835898 
0.514026 0.115287 0.849992 
-0.537547 0.011616 0.843154 
0.5067430000000001 0.011477 0.862021 
-0.778905 -0.03704 0.626047 
-0.860148 -0.175133 0.479034 
0.766942 -0.037985 0.640591 
0.850387 -0.179266 0.494678 
-0.903622 0.084313 0.419951 
0.898385 0.085288 0.430847 
-0.974098 0.013901 0.225698 
0.972023 0.013765 0.234484 
3 503 321 585 
3 230 242 246 
3 566 231 234 
3 231 230 234 
3 40 279 278 
3 583 320 502 
3 320 583 279 
3 435 580 455 
3 472 435 455 
3 435 472 462 
3 240 248 260 
3 226 172 224 
3 501 282 280 
3 321 282 585 
3 282 501 585 
3 265 34 33 
3 496 414 574 
3 497 496 574 
3 496 411 455 
3 411 496 415 
3 250 240 260 
3 254 250 260 
3 235 240 26 
3 256 254 260 
3 256 209 257 
3 42 210 257 
3 210 256 257 
3 256 210 254 
3 242 243 224 
3 243 242 230 
3 320 41 214 
3 41 320 279 
3 41 33 214 
3 226 529 214 
3 279 500 278 
3 583 500 279 
3 405 503 585 
3 405 587 503 
3 174 229 225 
3 223 174 225 
3 174 223 160 
3 472 463 462 
3 446 483 442 
3 208 209 253 
3 249 248 246 
3 238 248 240 
3 238 235 234 
3 235 238 240 
3 230 238 234 
3 238 230 246 
3 248 238 246 
3 202 68 33 
3 262 42 257 
3 217 208 253 
3 249 217 253 
3 222 172 159 
3 242 222 246 
3 222 242 224 
3 172 222 224 
3 33 171 214 
3 171 226 214 
3 171 172 226 
3 82 217 86 
3 36 321 215 
3 36 282 321 
3 270 267 31 
3 267 266 31 
3 272 34 270 
3 272 31 204 
3 272 270 31 
3 498 497 574 
3 498 390 334 
3 252 249 253 
3 249 252 248 
3 209 252 253 
3 256 252 209 
3 248 252 260 
3 252 256 260 
3 250 251 247 
3 251 250 254 
3 211 207 76 
3 211 210 42 
3 250 241 240 
3 241 250 247 
3 233 241 247 
3 44 272 204 
3 245 223 225 
3 245 233 247 
3 223 245 247 
3 328 231 566 
3 3 556 17 
3 556 3 542 
3 328 563 231 
3 231 563 230 
3 563 243 230 
3 350 346 347 
3 588 529 504 
3 320 588 502 
3 588 320 214 
3 529 588 214 
3 406 500 583 
3 354 7 548 
3 5 3 17 
3 548 5 550 
3 554 5 17 
3 501 407 585 
3 407 405 585 
3 32 36 215 
3 31 32 204 
3 266 32 31 
3 233 564 232 
3 564 329 232 
3 329 564 560 
3 564 399 560 
3 399 564 526 
3 530 229 215 
3 437 501 280 
3 437 436 501 
3 441 437 280 
3 448 437 441 
3 500 434 278 
3 434 500 435 
3 445 441 280 
3 485 445 490 
3 442 285 278 
3 285 40 278 
3 40 39 279 
3 483 487 442 
3 487 289 442 
3 293 487 488 
3 487 293 289 
3 463 459 462 
3 456 459 463 
3 459 452 462 
3 452 459 466 
3 475 457 448 
3 460 457 478 
3 457 456 478 
3 456 457 467 
3 446 476 486 
3 476 475 448 
3 66 68 202 
3 217 216 86 
3 216 217 249 
3 86 216 159 
3 216 222 159 
3 216 249 246 
3 222 216 246 
3 68 178 33 
3 178 171 33 
3 116 119 75 
3 82 74 217 
3 208 74 75 
3 217 74 208 
3 172 90 159 
3 90 165 159 
3 165 90 162 
3 92 90 172 
3 267 304 297 
3 303 267 297 
3 267 303 302 
3 267 295 266 
3 295 267 302 
3 272 203 34 
3 203 202 33 
3 34 203 33 
3 9 354 548 
3 9 338 339 
3 338 548 550 
3 338 9 548 
3 410 496 455 
3 410 414 496 
3 580 410 455 
3 496 577 415 
3 497 577 496 
3 411 356 409 
3 343 356 411 
3 512 394 566 
3 330 566 234 
3 330 512 566 
3 235 330 234 
3 28 330 235 
3 28 29 334 
3 255 251 254 
3 251 255 219 
3 210 255 254 
3 211 255 210 
3 255 211 219 
3 221 251 219 
3 223 221 160 
3 221 223 247 
3 251 221 247 
3 77 211 76 
3 211 77 219 
3 240 236 26 
3 241 236 240 
3 329 397 511 
3 397 329 560 
3 381 397 560 
3 385 397 381 
3 205 44 204 
3 32 205 204 
3 44 43 42 
3 43 211 42 
3 211 43 207 
3 43 205 207 
3 205 43 44 
3 374 556 542 
3 386 552 15 
3 5 552 550 
3 552 554 15 
3 552 5 554 
3 338 340 339 
3 410 340 414 
3 340 410 339 
3 346 341 347 
3 350 570 390 
3 350 412 346 
3 412 350 390 
3 412 498 574 
3 498 412 390 
3 529 562 504 
3 562 506 400 
3 506 562 324 
3 563 326 243 
3 326 324 243 
3 326 506 324 
3 402 562 400 
3 562 402 504 
3 588 402 502 
3 402 588 504 
3 402 586 502 
3 3 362 542 
3 362 366 542 
3 404 406 583 
3 404 583 502 
3 586 404 502 
3 406 582 500 
3 435 582 580 
3 500 582 435 
3 582 7 580 
3 5 543 3 
3 543 362 3 
3 587 403 503 
3 436 584 501 
3 584 407 501 
3 407 584 360 
3 584 6 360 
3 405 364 587 
3 407 364 405 
3 381 557 16 
3 557 381 560 
3 557 2 16 
3 244 564 233 
3 564 244 526 
3 244 245 225 
3 245 244 233 
3 244 528 526 
3 530 589 505 
3 403 589 503 
3 589 403 505 
3 589 321 503 
3 321 589 215 
3 589 530 215 
3 565 403 401 
3 403 565 505 
3 565 530 505 
3 437 468 436 
3 479 463 472 
3 450 434 466 
3 450 456 467 
3 459 450 466 
3 450 459 456 
3 447 476 446 
3 447 450 467 
3 450 447 434 
3 476 447 475 
3 457 447 467 
3 447 457 475 
3 470 435 462 
3 452 470 462 
3 470 434 435 
3 434 470 466 
3 470 452 466 
3 540 315 314 
3 19 314 495 
3 20 19 428 
3 19 540 314 
3 282 37 280 
3 38 37 282 
3 291 37 38 
3 476 449 486 
3 449 476 448 
3 485 449 445 
3 449 448 441 
3 445 449 441 
3 287 445 280 
3 445 287 291 
3 37 287 280 
3 287 37 291 
3 39 439 289 
3 289 439 442 
3 439 285 442 
3 285 439 40 
3 439 39 40 
3 35 293 265 
3 293 35 289 
3 35 39 289 
3 39 35 279 
3 35 41 279 
3 35 265 33 
3 41 35 33 
3 491 535 488 
3 535 293 488 
3 293 535 265 
3 171 170 172 
3 170 92 172 
3 206 66 202 
3 46 206 202 
3 66 206 83 
3 119 206 75 
3 206 208 75 
3 206 46 208 
3 65 59 82 
3 59 65 142 
3 74 59 75 
3 59 74 82 
3 22 21 426 
3 314 22 495 
3 22 493 21 
3 34 264 270 
3 264 34 265 
3 264 269 270 
3 269 267 270 
3 269 304 267 
3 45 203 272 
3 45 46 202 
3 203 45 202 
3 408 410 580 
3 7 408 580 
3 354 408 7 
3 348 576 413 
3 577 576 415 
3 576 577 413 
3 551 12 553 
3 352 348 413 
3 573 515 25 
3 518 29 25 
3 515 518 25 
3 389 14 553 
3 14 385 555 
3 385 14 389 
3 394 391 387 
3 391 394 512 
3 391 570 387 
3 570 391 390 
3 386 383 387 
3 383 394 387 
3 391 514 390 
3 390 514 334 
3 514 28 334 
3 330 572 512 
3 28 572 330 
3 514 572 28 
3 572 391 512 
3 572 514 391 
3 332 235 26 
3 332 28 235 
3 29 332 26 
3 28 332 29 
3 87 221 219 
3 221 87 160 
3 91 174 160 
3 54 77 76 
3 236 333 26 
3 333 29 26 
3 29 333 25 
3 329 569 232 
3 569 395 513 
3 395 569 511 
3 569 329 511 
3 522 569 513 
3 573 522 513 
3 522 573 25 
3 333 522 25 
3 522 333 236 
3 237 241 233 
3 237 236 241 
3 237 522 236 
3 237 233 232 
3 569 237 232 
3 522 237 569 
3 568 395 511 
3 397 568 511 
3 568 397 385 
3 385 380 555 
3 380 385 381 
3 555 380 16 
3 380 381 16 
3 559 328 396 
3 559 563 328 
3 374 559 556 
3 370 374 542 
3 351 552 386 
3 351 386 387 
3 351 350 347 
3 570 351 387 
3 351 570 350 
3 340 575 414 
3 412 575 346 
3 575 341 346 
3 341 575 340 
3 414 575 574 
3 575 412 574 
3 11 340 338 
3 11 341 340 
3 11 338 550 
3 341 11 550 
3 227 562 529 
3 562 227 324 
3 227 529 226 
3 227 226 224 
3 243 227 224 
3 324 227 243 
3 402 367 586 
3 367 362 586 
3 362 367 366 
3 404 363 406 
3 406 363 358 
3 362 363 586 
3 363 404 586 
3 359 406 358 
3 359 582 406 
3 7 359 358 
3 582 359 7 
3 546 543 5 
3 7 546 548 
3 546 5 548 
3 546 7 358 
3 368 403 587 
3 581 584 436 
3 581 436 455 
3 6 581 409 
3 584 581 6 
3 411 581 455 
3 581 411 409 
3 361 407 360 
3 361 364 407 
3 364 361 1 
3 6 361 360 
3 399 509 560 
3 509 376 560 
3 509 373 376 
3 507 565 401 
3 565 507 528 
3 509 507 401 
3 507 509 399 
3 507 399 526 
3 528 507 526 
3 565 228 530 
3 228 565 528 
3 530 228 229 
3 229 228 225 
3 228 244 225 
3 244 228 528 
3 451 437 448 
3 451 468 437 
3 473 479 472 
3 479 473 464 
3 473 472 455 
3 436 473 455 
3 465 473 436 
3 473 465 464 
3 479 474 463 
3 456 474 478 
3 474 456 463 
3 438 446 442 
3 438 447 446 
3 447 438 434 
3 438 442 278 
3 434 438 278 
3 538 303 297 
3 303 538 302 
3 538 295 302 
3 540 305 315 
3 304 305 297 
3 305 538 297 
3 538 305 540 
3 492 538 540 
3 494 19 20 
3 19 494 540 
3 494 492 540 
3 294 30 266 
3 30 38 282 
3 36 30 282 
3 30 32 266 
3 32 30 36 
3 290 291 38 
3 30 290 38 
3 290 30 294 
3 290 294 490 
3 445 290 490 
3 290 445 291 
3 432 430 420 
3 430 494 20 
3 494 430 492 
3 430 485 490 
3 430 432 485 
3 537 535 491 
3 19 424 428 
3 427 424 19 
3 178 167 171 
3 167 170 171 
3 112 113 119 
3 206 113 83 
3 113 206 119 
3 90 188 162 
3 88 86 159 
3 165 88 159 
3 184 88 165 
3 142 79 162 
3 65 79 142 
3 184 79 88 
3 125 116 75 
3 59 125 75 
3 315 539 314 
3 539 22 314 
3 22 539 493 
3 493 539 491 
3 539 537 491 
3 22 416 495 
3 416 22 427 
3 416 19 495 
3 416 427 19 
3 423 22 426 
3 22 423 427 
3 535 292 265 
3 292 264 265 
3 305 317 315 
3 317 305 304 
3 300 264 296 
3 300 269 264 
3 45 47 46 
3 209 47 257 
3 47 262 257 
3 208 47 209 
3 46 47 208 
3 275 45 272 
3 44 275 272 
3 47 275 262 
3 275 47 45 
3 262 275 42 
3 275 44 42 
3 9 355 354 
3 355 408 354 
3 355 9 339 
3 410 355 339 
3 408 355 410 
3 345 12 551 
3 10 345 551 
3 345 576 348 
3 392 395 388 
3 395 392 513 
3 392 573 513 
3 573 392 515 
3 393 352 413 
3 393 518 515 
3 392 393 515 
3 353 389 553 
3 12 353 553 
3 389 353 388 
3 499 577 497 
3 393 499 518 
3 577 499 413 
3 499 393 413 
3 382 386 15 
3 382 383 386 
3 554 382 15 
3 383 567 394 
3 567 382 396 
3 382 567 383 
3 84 54 60 
3 54 84 77 
3 77 84 219 
3 84 87 219 
3 175 32 215 
3 229 175 215 
3 174 175 229 
3 568 384 395 
3 384 568 385 
3 384 385 389 
3 395 384 388 
3 384 389 388 
3 366 558 542 
3 558 370 542 
3 558 402 400 
3 367 558 366 
3 558 367 402 
3 13 351 347 
3 351 13 552 
3 341 13 347 
3 552 13 550 
3 13 341 550 
3 559 398 563 
3 508 398 559 
3 398 326 563 
3 326 398 506 
3 506 398 400 
3 398 508 400 
3 375 559 374 
3 375 508 559 
3 370 375 374 
3 508 375 370 
3 4 546 358 
3 546 4 543 
3 543 4 362 
3 363 4 358 
3 4 363 362 
3 365 364 1 
3 544 365 1 
3 368 365 369 
3 365 544 2 
3 364 365 587 
3 365 368 587 
3 357 549 6 
3 357 6 409 
3 356 357 409 
3 544 0 2 
3 2 0 16 
3 0 549 551 
3 0 555 16 
3 0 551 553 
3 14 0 553 
3 0 14 555 
3 403 561 401 
3 561 368 369 
3 368 561 403 
3 557 545 2 
3 561 545 373 
3 545 561 369 
3 545 365 2 
3 365 545 369 
3 468 471 436 
3 471 465 436 
3 461 451 460 
3 451 461 468 
3 464 461 460 
3 465 461 464 
3 451 469 460 
3 469 451 448 
3 469 457 460 
3 457 469 448 
3 458 479 464 
3 458 474 479 
3 458 464 460 
3 458 460 478 
3 474 458 478 
3 538 307 295 
3 295 307 266 
3 307 294 266 
3 492 307 538 
3 430 422 420 
3 424 422 428 
3 489 430 490 
3 430 489 492 
3 294 489 490 
3 307 489 294 
3 489 307 492 
3 170 133 92 
3 167 133 170 
3 146 113 112 
3 113 146 83 
3 94 167 178 
3 94 133 167 
3 94 66 83 
3 66 94 68 
3 94 178 68 
3 116 152 119 
3 190 90 92 
3 190 188 90 
3 190 136 96 
3 186 165 162 
3 79 186 162 
3 186 184 165 
3 186 79 184 
3 88 78 86 
3 79 78 88 
3 78 79 65 
3 78 82 86 
3 78 65 82 
3 144 142 162 
3 144 140 142 
3 188 144 162 
3 140 144 188 
3 21 23 426 
3 425 424 427 
3 423 425 427 
3 537 301 535 
3 301 292 535 
3 292 301 264 
3 300 319 269 
3 319 300 317 
3 269 319 304 
3 319 317 304 
3 298 300 296 
3 537 298 296 
3 539 298 537 
3 298 539 315 
3 317 298 315 
3 300 298 317 
3 349 345 348 
3 345 349 12 
3 352 349 348 
3 349 353 12 
3 353 349 352 
3 342 345 10 
3 576 342 415 
3 345 342 576 
3 342 411 415 
3 342 343 411 
3 393 571 352 
3 571 393 392 
3 571 392 388 
3 353 571 388 
3 571 353 352 
3 337 499 497 
3 499 337 518 
3 337 498 334 
3 498 337 497 
3 29 337 334 
3 518 337 29 
3 379 382 554 
3 379 554 17 
3 394 510 566 
3 567 510 394 
3 510 328 566 
3 328 510 396 
3 510 567 396 
3 169 84 60 
3 84 169 87 
3 91 93 174 
3 207 123 76 
3 371 558 400 
3 558 371 370 
3 508 371 400 
3 371 508 370 
3 357 8 549 
3 8 356 343 
3 8 357 356 
3 549 547 6 
3 0 547 549 
3 547 361 6 
3 361 547 1 
3 547 544 1 
3 547 0 544 
3 561 372 401 
3 372 561 373 
3 372 509 401 
3 372 373 509 
3 373 377 376 
3 545 377 373 
3 377 545 557 
3 377 557 560 
3 376 377 560 
3 471 453 465 
3 453 461 465 
3 453 471 468 
3 461 453 468 
3 18 430 20 
3 18 422 430 
3 18 20 428 
3 422 18 428 
3 94 192 133 
3 146 52 83 
3 52 94 83 
3 52 146 109 
3 192 52 109 
3 52 192 94 
3 118 152 150 
3 118 112 119 
3 152 118 119 
3 118 51 112 
3 58 158 125 
3 125 154 116 
3 154 124 116 
3 58 156 64 
3 156 188 64 
3 156 140 188 
3 156 58 125 
3 23 421 426 
3 421 423 426 
3 419 429 431 
3 421 429 419 
3 429 421 23 
3 429 487 483 
3 431 429 483 
3 487 429 488 
3 429 491 488 
3 429 493 491 
3 493 429 21 
3 429 23 21 
3 299 537 296 
3 299 301 537 
3 264 299 296 
3 301 299 264 
3 382 378 396 
3 379 378 382 
3 378 559 396 
3 559 378 556 
3 556 378 17 
3 378 379 17 
3 163 169 60 
3 143 54 56 
3 141 143 56 
3 54 143 60 
3 143 163 60 
3 163 143 164 
3 48 175 174 
3 93 48 174 
3 54 130 56 
3 123 122 76 
3 8 344 549 
3 549 344 551 
3 344 10 551 
3 344 8 343 
3 342 344 343 
3 344 342 10 
3 108 118 150 
3 108 51 118 
3 105 146 112 
3 51 105 112 
3 146 105 109 
3 133 132 92 
3 132 192 109 
3 192 132 133 
3 138 58 64 
3 138 158 58 
3 188 138 64 
3 138 190 96 
3 190 138 188 
3 158 128 125 
3 128 154 125 
3 152 117 150 
3 117 104 150 
3 117 152 116 
3 124 117 116 
3 104 117 124 
3 156 57 140 
3 57 59 142 
3 140 57 142 
3 421 418 423 
3 418 421 419 
3 433 418 419 
3 418 422 424 
3 422 418 420 
3 418 433 420 
3 484 419 431 
3 484 433 419 
3 484 431 483 
3 484 446 486 
3 446 484 483 
3 449 484 486 
3 484 449 485 
3 432 484 485 
3 484 432 420 
3 433 484 420 
3 166 91 160 
3 145 141 164 
3 143 145 164 
3 145 143 141 
3 175 73 32 
3 157 141 56 
3 130 157 56 
3 98 139 99 
3 191 139 98 
3 191 93 91 
3 115 50 120 
3 123 115 120 
3 103 98 99 
3 103 127 107 
3 126 157 130 
3 126 130 54 
3 126 54 76 
3 122 126 76 
3 108 63 51 
3 63 132 51 
3 190 63 136 
3 63 190 92 
3 132 63 92 
3 148 105 51 
3 132 148 51 
3 105 148 109 
3 148 132 109 
3 128 100 154 
3 154 100 124 
3 100 104 124 
3 136 100 96 
3 104 100 136 
3 129 125 59 
3 57 129 59 
3 129 156 125 
3 129 57 156 
3 417 425 423 
3 418 417 423 
3 425 417 424 
3 417 418 424 
3 187 163 164 
3 187 164 91 
3 166 187 91 
3 187 185 163 
3 185 187 166 
3 48 168 175 
3 168 73 175 
3 157 189 141 
3 189 191 91 
3 191 189 139 
3 164 189 91 
3 141 189 164 
3 191 62 93 
3 50 110 120 
3 110 151 120 
3 62 110 50 
3 151 153 120 
3 153 123 120 
3 153 122 123 
3 134 48 93 
3 134 168 48 
3 205 183 207 
3 183 205 32 
3 73 183 32 
3 137 191 98 
3 103 137 98 
3 137 103 107 
3 137 62 191 
3 157 161 55 
3 126 161 157 
3 139 161 99 
3 161 139 55 
3 63 101 136 
3 101 63 108 
3 101 108 150 
3 104 101 150 
3 101 104 136 
3 100 97 96 
3 97 100 128 
3 97 128 158 
3 97 138 96 
3 138 97 158 
3 163 200 169 
3 185 200 163 
3 169 200 87 
3 87 200 160 
3 200 166 160 
3 200 185 166 
3 61 157 55 
3 61 189 157 
3 139 61 55 
3 189 61 139 
3 135 62 50 
3 134 135 193 
3 62 135 93 
3 135 134 93 
3 121 151 107 
3 121 153 151 
3 153 121 122 
3 127 121 107 
3 121 127 122 
3 183 72 207 
3 72 183 73 
3 102 110 62 
3 137 102 62 
3 110 102 151 
3 151 102 107 
3 102 137 107 
3 131 161 126 
3 131 103 99 
3 161 131 99 
3 149 135 50 
3 114 123 207 
3 114 115 123 
3 155 126 122 
3 155 131 126 
3 127 155 122 
3 155 127 103 
3 131 155 103 
3 72 85 207 
3 85 114 207 
3 114 147 115 
3 85 147 114 
3 147 106 115 
3 115 106 50 
3 106 149 50 
3 149 106 135 
3 168 95 73 
3 95 72 73 
3 95 85 72 
3 95 134 193 
3 134 95 168 
3 106 111 135 
3 111 106 147 
3 135 111 193 
3 49 111 147 
3 49 147 85 
3 95 49 85 
3 49 95 193 
3 111 49 193 
