3  #sample 3-d input  
590  #number of points
0.647834 0.366986 0.667557
0.796811 0.200795 0.569889
0.802902 0.332914 0.494486
-0.810516 0.328351 0.485026
-0.804983 0.197960 0.559298
-0.660476 0.362672 0.657450
0.688884 0.145913 0.710034
-0.700733 0.144016 0.698736
0.548121 0.237886 0.801856
-0.563892 0.235387 0.791593
0.461118 0.413605 0.785049
-0.478503 0.409982 0.776498
0.494891 0.551842 0.671233
-0.510802 0.546847 0.663355
0.604180 0.572000 0.554781
-0.617049 0.565946 0.546769
0.733660 0.480674 0.480308
-0.743018 0.474683 0.471806
0.108057 -0.983943 0.142056
0.044973 -0.997681 0.051081
0.100620 -0.991745 0.079483
-0.113980 -0.990333 0.079054
-0.058202 -0.997007 0.050897
-0.121943 -0.982401 0.141486
-0.009656 0.848065 0.529805
0.216560 0.872146 0.438706
-0.008446 0.962760 0.270227
-0.008446 0.962760 0.270227
-0.234134 0.868832 0.436248
-0.009656 0.848065 0.529805
0.538650 -0.773316 0.334423
0.436518 -0.870619 -0.226878
0.869725 -0.422784 -0.254623
-0.871877 -0.418533 -0.254285
-0.445292 -0.866171 -0.226853
-0.550175 -0.767103 0.329939
0.925226 -0.269786 0.266782
0.568681 -0.569450 0.593573
0.557210 -0.683410 0.471665
-0.569518 -0.677424 0.465560
-0.581796 -0.564129 0.585895
-0.928154 -0.266204 0.260127
0.275423 0.010657 -0.961264
0.424594 -0.015245 -0.905255
0.325059 -0.176877 -0.929005
-0.330735 -0.176419 -0.927087
-0.429832 -0.015225 -0.902780
-0.281257 0.010610 -0.959574
0.815259 -0.044176 -0.577410
0.749959 -0.066566 -0.658127
0.741770 -0.001250 -0.670653
-0.744683 -0.001311 -0.667417
-0.752782 -0.066146 -0.654938
-0.817358 -0.043886 -0.574456
0.661667 0.169602 -0.730365
0.685500 0.132721 -0.715874
0.660917 0.152015 -0.734902
-0.664706 0.150992 -0.731688
-0.689048 0.131779 -0.712634
-0.665472 0.168463 -0.727164
0.638043 0.200417 -0.743461
0.686300 0.109127 -0.719085
0.676949 -0.011717 -0.735937
-0.680478 -0.011705 -0.732675
-0.689817 0.108342 -0.715832
-0.642094 0.199136 -0.740311
-0.665958 -0.144517 -0.731857
-0.571339 -0.044650 -0.819499
-0.719065 -0.191651 -0.667993
-0.772120 -0.182276 -0.608774
0.715842 -0.192924 -0.671082
0.566945 -0.044829 -0.822535
0.662283 -0.145361 -0.735018
0.769445 -0.183616 -0.611751
-0.628786 0.238073 -0.740236
-0.596600 0.164609 -0.785476
0.592239 0.165575 -0.788568
0.624558 0.239564 -0.743328
-0.696789 0.273600 -0.663045
-0.713931 0.241498 -0.657253
0.710456 0.243298 -0.660347
0.693086 0.275578 -0.666100
-0.621008 0.223838 -0.751163
-0.647260 -0.092353 -0.756654
0.616744 0.225217 -0.754258
0.643445 -0.092850 -0.759840
-0.678635 0.272259 -0.682151
0.674767 0.274155 -0.685221
-0.674317 0.234468 -0.700229
0.670485 0.236080 -0.703360
-0.711060 0.126321 -0.691691
0.707727 0.127267 -0.694929
-0.711211 -0.010455 -0.702901
0.707967 -0.010460 -0.706168
-0.714454 -0.110165 -0.690955
0.711236 -0.110857 -0.694157
-0.697945 0.091266 -0.710312
-0.680777 0.090059 -0.726933
0.694519 0.091947 -0.713575
0.677195 0.090709 -0.730191
-0.694120 0.082152 -0.715157
-0.682361 0.008167 -0.730970
0.678843 0.008283 -0.734237
0.690666 0.082766 -0.718422
-0.695247 0.046005 -0.717298
-0.680809 -0.039867 -0.731375
0.677288 -0.040061 -0.734627
0.691828 0.046377 -0.720571
-0.700809 0.006040 -0.713324
-0.725646 -0.053744 -0.685966
0.697461 0.006146 -0.716596
0.722548 -0.054054 -0.689205
-0.692922 -0.027522 -0.720487
-0.684141 -0.053018 -0.727420
0.680650 -0.053299 -0.730667
0.689509 -0.027639 -0.723749
-0.684950 0.098313 -0.721927
-0.694797 0.044451 -0.717831
-0.687683 0.024355 -0.725603
-0.672999 0.042061 -0.738447
0.684206 0.024578 -0.728875
0.691375 0.044812 -0.721105
0.681398 0.099024 -0.725184
0.669381 0.042391 -0.741709
-0.692784 0.082691 -0.716389
-0.687857 0.139222 -0.712370
0.684289 0.140213 -0.715604
0.689318 0.083307 -0.719654
-0.687066 0.117065 -0.717103
-0.682695 0.165019 -0.711827
0.679048 0.166174 -0.715039
0.683515 0.117904 -0.720351
-0.702694 -0.040389 -0.710345
-0.753144 -0.061629 -0.654963
0.750325 -0.062015 -0.658154
0.699373 -0.040595 -0.713603
-0.693228 0.014164 -0.720579
0.689807 0.014323 -0.723852
-0.693200 0.098979 -0.713916
0.689724 0.099705 -0.717175
-0.676992 0.165705 -0.717093
0.673293 0.166853 -0.720303
-0.682279 0.186819 -0.706820
0.678598 0.188123 -0.710011
-0.703041 0.183793 -0.686989
0.699557 0.185132 -0.690178
-0.709649 -0.054126 -0.702473
0.706395 -0.054429 -0.705722
-0.716111 -0.027553 -0.697443
0.712918 -0.027677 -0.700701
-0.711034 0.033318 -0.702368
0.707772 0.033614 -0.705640
-0.698107 0.045400 -0.714553
0.694716 0.045769 -0.717827
-0.707584 0.103659 -0.698985
0.704239 0.104439 -0.702239
-0.713030 0.151310 -0.684612
0.709687 0.152439 -0.687828
-0.729564 0.143053 -0.668784
-0.796255 0.249842 -0.550960
0.793637 0.252041 -0.553729
0.726394 0.144158 -0.671990
-0.723143 0.204076 -0.659861
0.710456 0.243298 -0.660347
0.719825 0.205622 -0.663002
-0.720003 0.236529 -0.652418
0.716598 0.238312 -0.655511
-0.784291 -0.109008 -0.610741
0.781796 -0.109794 -0.613792
0.693086 0.275578 -0.666100
-0.817358 -0.043886 -0.574456
-0.890551 -0.103868 -0.442867
-0.861425 0.188483 -0.471615
-0.796255 0.249842 -0.550960
0.859710 0.190371 -0.473981
0.889365 -0.104796 -0.445026
0.815259 -0.044176 -0.577410
0.793637 0.252041 -0.553729
-0.772120 -0.182276 -0.608774
-0.719065 -0.191651 -0.667993
0.715842 -0.192924 -0.671082
0.769445 -0.183616 -0.611751
-0.719065 -0.191651 -0.667993
0.715842 -0.192924 -0.671082
-0.697687 0.240813 -0.674716
0.694058 0.242550 -0.677829
-0.686497 0.210104 -0.696117
0.682818 0.211583 -0.699280
-0.708107 0.119692 -0.695887
0.704751 0.120586 -0.699131
-0.711019 0.004946 -0.703156
0.707769 0.005046 -0.706426
-0.727257 -0.068410 -0.682947
0.724174 -0.068825 -0.686175
-0.714454 -0.110165 -0.690955
0.711236 -0.110857 -0.694157
-0.711211 -0.010455 -0.702901
0.707967 -0.010460 -0.706168
-0.711060 0.126321 -0.691691
0.707727 0.127267 -0.694929
0.670485 0.236080 -0.703360
0.674767 0.274155 -0.685221
-0.595621 -0.308062 -0.741845
-0.401866 -0.456754 -0.793649
0.396035 -0.458345 -0.795661
0.591217 -0.309705 -0.744678
-0.571339 -0.044650 -0.819499
0.566945 -0.044829 -0.822535
-0.458243 0.204558 -0.864968
-0.320944 0.265074 -0.909247
0.314909 0.265836 -0.911133
0.452934 0.205429 -0.867554
-0.596600 0.164609 -0.785476
0.592239 0.165575 -0.788568
-0.997825 -0.061645 0.023365
0.997696 -0.062365 0.026702
-0.656868 0.460735 -0.596865
-0.586142 0.352982 -0.729274
-0.713931 0.241498 -0.657253
0.581317 0.355042 -0.732131
0.710456 0.243298 -0.660347
0.652233 0.463977 -0.599431
-0.763095 0.485678 -0.426383
0.759309 0.490021 -0.428170
-0.878879 0.432132 -0.202076
0.876469 0.437093 -0.201870
-0.978276 0.149301 -0.143823
-0.909287 0.401548 -0.109344
0.907233 0.406524 -0.108009
0.978109 0.151314 -0.142855
-0.694876 0.718721 -0.024238
-0.691574 0.717322 0.084700
0.683506 0.724652 0.087750
0.687562 0.725781 -0.022354
-0.469017 0.876877 0.105405
-0.303280 0.933115 0.193178
0.288477 0.937410 0.195046
0.456907 0.882979 0.107628
-0.468174 0.816325 -0.338270
-0.006009 0.961976 -0.273069
-0.006009 0.961976 -0.273069
0.459423 0.821008 -0.338934
-0.816890 0.525602 -0.237557
-0.860635 0.507848 -0.037379
0.857073 0.513989 -0.035224
0.813263 0.531119 -0.237732
-0.616363 0.622874 -0.481793
0.610494 0.627250 -0.483584
-0.381169 0.726462 -0.571808
-0.518543 0.558529 -0.647424
0.373215 0.729466 -0.573228
0.512444 0.561546 -0.649667
-0.329623 0.582042 -0.743354
-0.456577 0.440350 -0.773065
0.322486 0.583929 -0.745003
0.450648 0.442297 -0.775429
-0.003824 0.570327 -0.821409
-0.003352 0.315374 -0.948962
-0.003824 0.570327 -0.821409
-0.003352 0.315374 -0.948962
-0.004739 0.813410 -0.581672
-0.004739 0.813410 -0.581672
-0.003125 0.016927 -0.999852
-0.003125 0.016927 -0.999852
-0.381581 -0.921517 -0.072122
-0.518780 -0.832386 0.194938
0.507841 -0.838398 0.197955
0.371084 -0.925849 -0.071417
-0.005605 -0.980234 -0.197762
-0.006139 -0.997854 -0.065189
-0.005605 -0.980234 -0.197762
-0.006139 -0.997854 -0.065189
-0.003409 -0.511418 -0.859325
-0.003409 -0.511418 -0.859325
-0.003130 -0.201512 -0.979481
-0.003130 -0.201512 -0.979481
-0.880714 -0.351228 0.317777
-0.581796 -0.564129 0.585895
-0.536745 -0.567807 0.624099
-0.880714 -0.351228 0.317777
0.522483 -0.572800 0.631595
0.568681 -0.569450 0.593573
0.876231 -0.355829 0.324970
0.876231 -0.355829 0.324970
-0.556773 -0.660873 0.503240
-0.556773 -0.660873 0.503240
0.543926 -0.666657 0.509620
0.543926 -0.666657 0.509620
-0.550317 -0.729680 0.405855
-0.535251 -0.805944 0.252905
0.524102 -0.812098 0.256540
0.538179 -0.735766 0.411111
-0.428509 -0.903288 0.021254
-0.431755 -0.900885 0.044648
0.420877 -0.905943 0.046146
0.417774 -0.908270 0.022597
-0.219118 -0.975588 -0.014659
0.206981 -0.978244 -0.014094
-0.165359 -0.973198 -0.159820
-0.319600 -0.927236 -0.195163
-0.176474 -0.973693 -0.144146
-0.359554 -0.924447 -0.126956
0.349273 -0.928437 -0.126546
0.309509 -0.930674 -0.195064
0.165182 -0.975696 -0.143986
0.154148 -0.975056 -0.159702
-0.365161 -0.926874 -0.086964
0.354629 -0.931010 -0.086361
-0.314189 -0.943143 -0.108474
0.303407 -0.946716 -0.108043
-0.177644 -0.980963 -0.078454
0.165831 -0.983053 -0.078148
-0.005804 -0.989049 -0.147475
-0.006160 -0.998165 -0.060236
-0.006160 -0.998165 -0.060236
-0.005804 -0.989049 -0.147475
-0.005667 -0.983284 -0.181988
-0.005667 -0.983284 -0.181988
-0.006081 -0.996825 -0.079393
-0.006081 -0.996825 -0.079393
-0.982365 -0.125466 0.138628
0.981426 -0.127112 0.143683
-0.988066 0.117752 -0.099301
0.988023 0.119411 -0.097729
-0.918538 0.394474 -0.026051
0.916388 0.399595 -0.023606
-0.855902 0.513573 0.060627
0.851758 0.520005 0.064055
-0.660624 0.728275 0.182185
0.651271 0.735652 0.186177
-0.413883 0.889744 0.192501
0.400317 0.895375 0.195064
-0.226826 0.930245 0.288434
0.210541 0.933520 0.290193
-0.125778 0.831194 0.541569
0.106589 0.832883 0.543089
-0.010088 0.782621 0.622416
-0.010088 0.782621 0.622416
-0.484086 0.309084 0.818613
-0.445745 0.269723 0.853558
-0.397998 0.400679 0.825260
-0.454357 0.424194 0.783339
0.378888 0.403646 0.832775
0.427214 0.272001 0.862267
0.466497 0.311891 0.827711
0.436491 0.427752 0.791520
-0.391470 0.539883 0.745170
-0.428367 0.546783 0.719395
0.372908 0.543721 0.751869
0.410580 0.551019 0.726500
-0.420080 0.643040 0.640338
-0.472204 0.623630 0.622984
0.402821 0.647812 0.646587
0.455927 0.628823 0.629851
-0.561749 0.194031 0.804232
-0.523586 0.155998 0.837570
0.506675 0.157577 0.847614
0.545857 0.196104 0.814606
-0.774415 0.091963 0.625959
-0.767146 0.042595 0.640057
0.757492 0.043283 0.651408
0.765025 0.093317 0.637203
-0.861314 0.138281 0.488893
-0.867712 0.104827 0.485888
0.861796 0.106465 0.495957
0.855182 0.140389 0.498953
-0.902561 0.271615 0.334080
-0.919641 0.235429 0.314379
0.916075 0.238958 0.322033
0.898395 0.275625 0.341933
-0.879700 0.369470 0.299366
-0.888271 0.362423 0.282177
0.883930 0.367565 0.289074
0.875031 0.374692 0.306475
-0.838831 0.452390 0.302829
-0.846228 0.451681 0.282635
0.840708 0.457774 0.289230
0.833003 0.458483 0.309678
-0.695862 0.569948 0.436961
-0.693007 0.567676 0.444393
0.682590 0.574290 0.451953
0.685564 0.576599 0.444450
-0.599171 0.633119 0.490055
-0.585024 0.656681 0.475938
0.572008 0.663188 0.482688
0.586340 0.639576 0.497140
-0.524633 0.646983 0.553329
-0.500370 0.674896 0.542352
0.485234 0.680717 0.548791
0.509848 0.652860 0.560204
-0.326692 0.713882 0.619390
-0.448475 0.742335 0.497804
0.432846 0.747982 0.503157
0.308364 0.717945 0.624072
-0.554810 0.714499 0.426236
0.541585 0.721101 0.432086
-0.693991 0.622267 0.362160
0.684151 0.629329 0.368622
-0.861202 0.462321 0.211163
0.856455 0.468502 0.216773
-0.915336 0.351862 0.195840
0.912165 0.356845 0.201537
-0.947051 0.211908 0.241227
0.944618 0.215103 0.247844
-0.901903 0.037480 0.430309
0.897309 0.038163 0.439750
-0.788384 -0.049869 0.613159
0.779532 -0.050418 0.624330
-0.501058 0.134090 0.854962
0.483586 0.135404 0.864760
-0.410304 0.248748 0.877368
0.391010 0.250692 0.885587
-0.285366 0.579221 0.763590
0.265317 0.582201 0.768536
-0.326082 0.407233 0.853130
0.305752 0.409704 0.859452
-0.006615 -0.998870 0.047069
-0.006920 -0.993130 0.116810
-0.007173 -0.984849 0.173265
-0.121918 -0.972507 0.198407
0.107520 -0.974067 0.199081
-0.112392 -0.985084 0.130301
0.098578 -0.986495 0.130806
-0.057239 -0.994759 0.084728
0.043714 -0.995427 0.084934
-0.006762 -0.996705 0.080824
-0.072813 -0.994077 0.080681
-0.006721 -0.997419 0.071493
0.059346 -0.994950 0.080947
-0.136082 -0.983629 0.118132
0.122448 -0.985348 0.118727
-0.144155 -0.964522 0.221172
0.129627 -0.966385 0.222029
-0.007255 -0.981489 0.191382
-0.369167 -0.614172 0.697502
-0.293725 -0.322059 0.900002
0.273238 -0.323703 0.905846
0.351749 -0.617929 0.703162
-0.370085 -0.707348 0.602243
-0.550317 -0.729680 0.405855
0.538179 -0.735766 0.411111
0.353634 -0.711548 0.607159
-0.364275 -0.824677 0.432679
-0.535251 -0.805944 0.252905
0.524102 -0.812098 0.256540
0.349374 -0.829211 0.436287
-0.144268 -0.848415 0.509293
-0.190049 -0.689898 0.698515
0.171031 -0.692005 0.701340
0.126981 -0.850232 0.510863
-0.284112 -0.582769 0.761355
0.265123 -0.585539 0.766064
-0.254014 -0.445936 0.858265
0.233673 -0.447875 0.863021
-0.010906 -0.439243 0.898302
-0.011656 0.030512 0.999466
-0.171942 -0.604310 0.777975
-0.010022 -0.667291 0.744729
-0.010630 -0.523554 0.851926
-0.234475 -0.552028 0.800179
0.151955 -0.606010 0.780808
0.214643 -0.554199 0.804233
-0.218231 -0.436673 0.872750
-0.116549 -0.426450 0.896971
0.094933 -0.427263 0.899130
0.197445 -0.438298 0.876875
-0.287745 -0.560255 0.776735
-0.202765 -0.647311 0.734762
0.268623 -0.562967 0.781607
0.183434 -0.649452 0.737946
-0.263758 -0.398384 0.878477
0.243261 -0.400195 0.883554
-0.103849 -0.389794 0.915028
0.081968 -0.390449 0.916968
-0.010681 -0.509127 0.860625
-0.009748 -0.719374 0.694554
-0.009578 -0.748767 0.662764
-0.010681 -0.509127 0.860625
-0.010551 -0.544852 0.838466
-0.010906 -0.439243 0.898302
-0.010551 -0.544852 0.838466
-0.010681 -0.509127 0.860625
-0.010906 -0.439243 0.898302
-0.159144 -0.956242 0.245509
-0.007575 -0.965359 0.260815
0.144452 -0.958311 0.246521
-0.008824 -0.855496 0.517735
-0.316307 -0.933541 0.168673
-0.295539 -0.952732 0.070418
0.283188 -0.956392 0.071542
0.303294 -0.937547 0.170351
-0.240307 -0.970697 0.000640
0.228163 -0.973622 0.001311
-0.169993 -0.985445 0.000364
0.157499 -0.987519 0.000832
-0.006437 -0.999963 0.005725
-0.011368 0.420395 0.907270
-0.010775 0.635909 0.771689
-0.198969 0.710745 0.674724
0.178958 0.713191 0.677741
-0.819581 -0.174757 0.545663
0.812075 -0.177019 0.556057
-0.969414 0.015869 0.244917
0.967669 0.016238 0.251699
-0.972852 0.204680 0.108008
0.971692 0.207695 0.112598
-0.913794 0.392211 0.105604
0.910971 0.397558 0.109910
-0.871869 0.451587 0.189511
0.867518 0.457650 0.194860
-0.627200 0.698020 0.345526
0.616012 0.705131 0.351169
-0.444044 0.815648 0.370869
0.429407 0.821546 0.375062
-0.311341 0.838558 0.447087
0.294372 0.842873 0.450456
-0.010088 0.782621 0.622416
-0.125778 0.831194 0.541569
0.106589 0.832883 0.543089
-0.226826 0.930245 0.288434
0.210541 0.933520 0.290193
-0.413883 0.889744 0.192501
0.400317 0.895375 0.195064
-0.660624 0.728275 0.182185
0.651271 0.735652 0.186177
-0.855902 0.513573 0.060627
0.851758 0.520005 0.064055
-0.918538 0.394474 -0.026051
0.916388 0.399595 -0.023606
-0.988066 0.117752 -0.099301
0.988023 0.119411 -0.097729
-0.982365 -0.125466 0.138628
0.981426 -0.127112 0.143683
-0.431755 -0.900885 0.044648
0.420877 -0.905943 0.046146
-0.365161 -0.926874 -0.086964
0.354629 -0.931010 -0.086361
-0.314189 -0.943143 -0.108474
0.303407 -0.946716 -0.108043
-0.177644 -0.980963 -0.078454
0.165831 -0.983053 -0.078148
-0.006160 -0.998165 -0.060236
-0.810255 0.335145 0.480795
-0.803541 0.216732 0.554391
0.795352 0.219816 0.564886
0.802658 0.339792 0.490185
-0.710724 0.179084 0.680294
0.699241 0.181439 0.691478
-0.586340 0.256241 0.768470
0.571220 0.259047 0.778847
-0.514649 0.414985 0.750283
0.498143 0.418907 0.759191
-0.533744 0.542650 0.648574
0.518387 0.547813 0.656640
-0.631930 0.554429 0.541547
0.619429 0.560496 0.549684
-0.744548 0.472633 0.471452
0.735231 0.478610 0.479966
-0.899307 0.311172 0.307278
-0.787019 0.535091 0.307049
0.779795 0.541856 0.313549
0.895168 0.315692 0.314663
-0.944730 0.296561 0.139771
-0.808163 0.573064 0.135904
0.802439 0.580046 0.140139
0.942635 0.300815 0.144739
-0.583269 0.771129 0.255259
-0.601358 0.686110 0.409415
0.589172 0.692953 0.415563
0.571876 0.778203 0.259534
-0.410934 0.686740 0.599601
0.393882 0.691664 0.605358
-0.327351 0.809454 0.487469
0.310196 0.813895 0.491277
-0.217935 0.549966 0.806252
-0.340909 0.476697 0.810272
0.321115 0.479688 0.816569
0.196891 0.552123 0.810182
-0.501058 0.134090 0.854962
0.483586 0.135404 0.864760
-0.453231 0.061562 0.889265
0.434666 0.062151 0.898445
-0.753423 -0.017972 0.657290
-0.808857 -0.133841 0.572571
0.743320 -0.018087 0.668691
0.800869 -0.135539 0.583300
-0.897625 0.090509 0.431367
0.892881 0.091964 0.440802
-0.962165 0.025142 0.271304
0.960096 0.025649 0.278491
