3588
1277 1280 1279 
468 469 483 
469 470 566 
1522 1417 1418 
1163 1748 1162 
1249 1252 1251 
1179 1166 1169 
1163 1747 1748 
1747 1163 1130 
1748 1747 1279 
1747 1277 1279 
1237 1235 1220 
1235 1237 1236 
1265 1294 1264 
1294 1291 1264 
1291 1253 1264 
469 578 483 
578 469 566 
466 469 468 
469 466 470 
1416 1413 1418 
1517 1519 1533 
1428 1517 1533 
1750 1375 1405 
702 356 701 
356 591 588 
591 589 588 
591 702 709 
702 591 356 
356 357 701 
352 357 354 
355 356 588 
357 355 354 
355 357 356 
333 554 555 
554 333 328 
554 556 555 
1219 1221 1220 
1222 1219 1204 
1221 1219 1222 
1205 1222 1204 
1208 1205 1206 
404 391 277 
391 405 390 
405 391 404 
404 273 407 
273 420 407 
1252 1254 1253 
1253 1254 1264 
1282 1252 1253 
1291 1282 1253 
1282 1292 1281 
1282 1291 1292 
1163 1129 1130 
1746 1747 1130 
1277 1746 1251 
1747 1746 1277 
1249 1250 1252 
1254 1250 1142 
1250 1254 1252 
1143 1146 1142 
1141 1143 1142 
1250 1141 1142 
1141 1249 1140 
1141 1250 1249 
1730 1729 295 
292 1729 1728 
1729 292 295 
117 119 116 
947 1018 942 
1011 1014 1013 
1179 1180 1178 
1180 1179 1169 
1166 1176 1165 
1176 1166 1179 
1373 1748 1279 
1751 1752 1400 
1751 1750 1405 
1407 1751 1405 
1751 1407 1752 
1367 1751 1400 
1750 1751 1367 
1399 1398 1400 
1752 1399 1400 
1147 1235 1236 
1147 1254 1142 
1254 1147 1236 
1146 1147 1142 
1147 1146 1093 
1267 1237 1240 
1270 1267 1240 
1237 1266 1236 
1267 1266 1237 
621 618 738 
617 618 621 
470 467 471 
466 467 470 
467 1794 471 
467 1793 1794 
1411 1414 1413 
1416 1411 1413 
1295 1296 1294 
1265 1295 1294 
1296 1293 1294 
1292 1293 1390 
1291 1293 1292 
1293 1291 1294 
1386 1416 1383 
1411 1386 1384 
1386 1411 1416 
1519 1534 1533 
1413 1644 1418 
1651 1644 1646 
1414 1644 1413 
1518 1428 1417 
1518 1517 1428 
1522 1518 1417 
197 192 193 
331 1791 1794 
1794 1791 471 
1793 300 1794 
300 331 1794 
704 702 701 
557 355 588 
557 556 554 
589 557 588 
556 557 589 
332 331 330 
333 332 330 
332 333 555 
332 1791 331 
1792 332 555 
1791 332 1792 
697 353 694 
353 697 352 
703 704 753 
704 703 702 
702 703 709 
1366 1367 1400 
165 162 166 
1224 1221 1222 
1270 1241 1271 
1241 1270 1240 
1237 1238 1240 
1238 1237 1220 
1221 1238 1220 
1081 1095 1080 
1137 1081 1080 
1219 1104 1204 
1104 1114 1204 
1114 1104 1115 
1117 1439 1106 
1102 1219 1220 
1235 1102 1220 
1103 1102 1235 
988 989 1206 
1207 1208 1206 
989 1207 1206 
1207 989 992 
1208 1207 1209 
285 284 277 
391 285 277 
420 265 423 
312 310 308 
310 312 311 
1282 1278 1252 
1277 1278 1280 
1280 1278 1281 
1278 1282 1281 
1278 1277 1251 
1252 1278 1251 
1129 1128 1130 
1030 1128 1129 
1249 1744 1140 
1744 1743 1140 
1744 1126 1127 
1743 1744 1127 
1131 1746 1130 
1126 1131 1125 
1128 1131 1130 
1131 1128 1125 
1146 1090 1093 
1743 1138 1140 
1729 309 1728 
296 1730 295 
292 293 295 
112 117 116 
965 112 116 
98 90 91 
117 103 121 
104 103 100 
103 104 121 
947 949 948 
1015 1070 1013 
1327 1330 1344 
1016 1015 1013 
1014 1016 1013 
1016 1020 1015 
382 381 383 
1737 1201 951 
945 944 946 
949 945 946 
945 949 947 
1126 1124 1127 
1124 1126 1125 
1124 1121 1127 
947 1120 1018 
1120 1123 1121 
1120 947 948 
1123 1120 948 
1180 1181 1178 
1181 1180 1183 
1181 1493 1178 
1176 917 1165 
917 916 914 
916 917 1176 
1167 1164 1150 
1152 1167 1150 
1167 1166 1165 
1164 1167 1165 
919 917 914 
939 941 937 
941 936 937 
941 1009 936 
941 939 942 
1750 1749 1375 
1749 1373 1375 
1373 1749 1748 
1748 1749 1162 
1292 1387 1281 
1387 1292 1390 
1377 1388 1419 
1388 1422 1419 
1524 1528 1527 
1524 1420 1528 
1420 1524 1409 
1408 1407 1405 
1399 1504 1398 
1092 1103 1235 
1147 1092 1235 
1092 1147 1093 
1269 1267 1270 
1269 1299 1298 
1266 1263 1236 
1254 1263 1264 
1263 1254 1236 
1263 1265 1264 
1263 1266 1265 
617 616 618 
421 404 407 
440 450 423 
450 440 441 
467 436 1793 
436 467 466 
440 439 441 
439 466 468 
441 439 468 
436 439 437 
439 436 466 
1381 1411 1384 
1241 1244 1271 
1528 1530 1527 
1529 1530 1528 
1530 1529 1531 
1530 1574 1527 
1417 1415 1418 
1415 1416 1418 
1299 1300 1298 
1392 1393 1426 
1268 1295 1265 
1266 1268 1265 
1268 1266 1267 
1269 1268 1267 
1295 1268 1298 
1268 1269 1298 
1534 1578 1531 
1655 1650 1651 
857 1659 1646 
868 1659 857 
1595 1596 1597 
1763 1764 1555 
338 339 325 
346 336 337 
1493 1490 1178 
1490 1488 1489 
353 348 694 
348 693 694 
693 348 349 
348 353 350 
913 916 1489 
913 915 914 
916 913 914 
346 68 349 
693 696 694 
334 66 337 
66 334 74 
192 189 193 
195 197 193 
339 329 325 
329 339 342 
329 342 328 
331 301 330 
300 301 331 
704 750 753 
557 344 355 
344 557 554 
355 344 354 
344 345 354 
590 591 709 
591 590 589 
578 581 580 
581 578 566 
470 564 566 
564 470 471 
698 697 700 
357 698 701 
698 357 352 
697 698 352 
767 769 768 
817 838 822 
805 806 815 
1749 1368 1162 
1368 1750 1367 
1368 1749 1750 
1365 1366 1174 
1366 1365 1367 
1365 1368 1367 
1398 1397 1400 
1397 1366 1400 
1170 1180 1169 
1180 1170 1183 
1184 1173 1174 
1173 1184 1183 
1170 1173 1183 
1173 1170 1172 
158 156 159 
158 159 166 
162 158 166 
1276 560 1370 
1245 1256 1218 
434 430 431 
1000 997 998 
997 1000 1215 
997 995 998 
1223 1224 1222 
1205 1223 1222 
1223 1205 1208 
1239 1241 1240 
1238 1239 1240 
1224 1239 1221 
1239 1238 1221 
1242 1239 1224 
1239 1242 1241 
1434 1083 967 
1136 1146 1143 
1136 1090 1146 
966 965 967 
1083 966 967 
966 1083 1079 
963 966 1079 
1438 1480 1110 
1438 1092 1093 
1437 1117 1106 
1437 1110 1117 
1110 1437 1103 
1102 1437 1106 
1437 1102 1103 
1144 1081 1137 
981 984 983 
984 1115 983 
984 1114 1115 
1104 1116 1115 
1430 1116 1439 
1115 1116 983 
1116 1430 983 
987 988 986 
987 989 988 
156 160 159 
160 153 392 
160 152 153 
152 160 156 
285 148 284 
119 626 625 
136 623 135 
136 670 138 
137 136 138 
965 968 967 
968 965 116 
1203 988 1206 
1114 1203 1204 
1203 1205 1204 
1205 1203 1206 
145 141 142 
1430 1429 983 
1429 981 983 
634 137 288 
1207 1210 1209 
1210 1207 992 
1210 1212 1209 
1212 1210 1211 
388 391 390 
388 285 391 
1732 292 1728 
265 317 423 
440 317 311 
317 440 423 
1026 1027 1025 
1128 1023 1125 
1023 1128 1030 
1745 1744 1249 
1745 1249 1251 
1746 1745 1251 
1131 1745 1746 
1744 1745 1126 
1745 1131 1126 
1139 1141 1140 
1138 1139 1140 
1141 1139 1143 
1139 1136 1143 
1730 313 1729 
313 309 1729 
312 313 437 
313 1730 437 
313 312 308 
309 313 308 
299 300 1793 
299 296 297 
187 183 184 
183 181 184 
183 180 181 
180 182 181 
92 180 91 
378 1198 376 
944 1198 946 
380 378 381 
382 380 381 
248 250 121 
105 248 115 
105 115 102 
95 1733 383 
95 93 96 
381 95 383 
93 95 381 
1733 1734 102 
102 1734 107 
1734 95 96 
95 1734 1733 
96 94 98 
93 94 96 
94 90 98 
94 89 90 
89 94 93 
115 101 102 
99 104 100 
387 99 100 
99 101 104 
99 1733 102 
101 99 102 
104 114 121 
114 248 121 
248 114 115 
114 101 115 
101 114 104 
949 950 1739 
950 949 946 
1164 1149 1150 
1149 1336 1150 
1149 1148 1336 
1017 1014 1018 
1017 1016 1014 
1017 1120 1121 
1120 1017 1018 
1124 1017 1121 
382 1735 1737 
1201 1735 384 
1735 1201 1737 
1735 387 384 
960 112 965 
945 943 944 
939 943 942 
943 947 942 
943 945 947 
943 940 944 
940 943 939 
1123 1122 1121 
1741 1122 1123 
1121 1122 1127 
1122 1743 1127 
1134 1742 1132 
1742 1741 1132 
1742 1122 1741 
1122 1742 1743 
1742 1138 1743 
1138 1742 1134 
1497 1185 1498 
1496 1497 1498 
1495 1497 1496 
1168 1167 1152 
1166 1168 1169 
1167 1168 1166 
918 1164 1165 
917 918 1165 
919 918 917 
940 1197 944 
1198 1197 376 
1197 1198 944 
1197 940 1196 
938 1195 1196 
938 939 937 
938 940 939 
940 938 1196 
936 933 937 
933 936 935 
1012 1014 1011 
1012 941 942 
941 1012 1009 
1010 1012 1011 
1009 1012 1010 
1018 1012 942 
1014 1012 1018 
1008 1009 1010 
936 1008 935 
1009 1008 936 
1280 1374 1279 
1374 1373 1279 
1378 1387 1388 
1377 1378 1388 
1387 1378 1281 
1374 1378 1377 
1378 1280 1281 
1378 1374 1280 
1410 1420 1409 
1410 1377 1419 
1420 1410 1419 
1389 1422 1388 
1389 1387 1390 
1387 1389 1388 
1392 1389 1390 
1422 1421 1419 
1421 1420 1419 
1420 1421 1528 
1421 1529 1528 
1428 1425 1426 
1425 1428 1533 
1407 1699 1752 
858 855 610 
865 860 864 
855 860 857 
860 855 858 
860 868 857 
860 865 868 
616 619 618 
734 619 614 
482 582 487 
722 611 621 
583 486 487 
582 583 487 
583 582 584 
488 485 489 
485 486 489 
406 405 404 
421 406 404 
405 406 411 
481 482 487 
452 451 450 
450 451 423 
438 439 440 
312 438 311 
438 440 311 
438 312 437 
439 438 437 
597 604 606 
1644 1645 1646 
1645 1647 1646 
1645 1644 1414 
777 767 768 
767 777 732 
434 460 462 
1256 1217 1218 
1217 1256 1255 
1244 1259 1271 
1243 1244 1241 
1242 1243 1241 
1269 1272 1299 
1272 1270 1271 
1272 1269 1270 
1289 1386 1383 
1386 1289 1384 
1300 1289 1383 
1289 1300 1299 
1427 1415 1417 
1415 1427 1396 
1427 1393 1396 
1393 1427 1426 
1427 1428 1426 
1428 1427 1417 
1416 1385 1383 
1415 1385 1416 
1385 1415 1396 
1385 1300 1383 
1300 1297 1298 
1297 1295 1298 
1295 1297 1296 
1391 1393 1392 
1391 1293 1296 
1391 1392 1390 
1293 1391 1390 
1649 1650 1522 
1650 1649 1651 
1649 1522 1418 
1644 1649 1418 
1649 1644 1651 
1648 1518 1522 
1650 1648 1522 
1648 1650 1655 
1654 1655 1651 
1654 1651 1646 
1659 1654 1646 
1562 1563 1596 
1595 1562 1596 
1563 1600 1596 
1558 1763 1557 
1763 1558 1764 
1556 1505 1506 
1505 1556 1553 
1556 1763 1555 
1554 1550 1553 
1554 1556 1555 
1556 1554 1553 
1550 1551 1553 
1551 1505 1553 
1545 1547 1546 
1495 1543 1492 
794 793 792 
794 825 793 
341 339 338 
336 341 338 
345 351 354 
351 352 354 
353 351 350 
351 353 352 
340 345 342 
339 340 342 
340 351 345 
341 340 339 
340 341 350 
351 340 350 
1487 1488 1539 
1488 1487 1489 
916 1177 1489 
1177 1490 1489 
1490 1177 1178 
1177 916 1176 
1177 1179 1178 
1177 1176 1179 
1490 1491 1488 
1488 1491 1539 
1491 1493 1492 
1491 1490 1493 
347 346 349 
348 347 349 
347 348 350 
347 336 346 
341 347 350 
347 341 336 
688 687 60 
361 688 60 
688 361 705 
358 361 359 
706 1502 708 
705 706 708 
361 706 705 
706 361 358 
1485 913 1489 
1487 1485 1489 
1485 912 913 
912 1189 915 
913 912 915 
687 63 60 
63 61 60 
67 68 346 
67 346 337 
66 67 337 
689 693 349 
68 689 349 
689 63 687 
63 689 68 
696 695 694 
695 697 694 
697 695 700 
335 336 338 
336 335 337 
335 334 337 
1189 1190 915 
70 74 73 
72 70 73 
189 191 187 
191 192 297 
191 189 192 
327 329 328 
333 327 328 
327 333 330 
699 750 704 
699 704 701 
698 699 701 
699 698 700 
695 746 700 
343 554 328 
343 344 554 
344 343 345 
342 343 328 
345 343 342 
590 1787 589 
1787 590 1788 
612 615 614 
615 730 614 
730 734 614 
564 567 566 
567 581 566 
567 612 581 
565 564 471 
569 565 1792 
1791 565 471 
565 1791 1792 
32 29 33 
1616 1603 1635 
1615 1603 1616 
1503 758 708 
1502 1503 708 
703 712 709 
756 754 753 
754 703 753 
712 754 759 
754 712 703 
804 803 769 
769 803 768 
803 805 768 
803 804 808 
760 712 759 
762 760 759 
1777 1778 763 
1777 760 1778 
821 819 822 
819 817 822 
806 818 815 
1366 1187 1174 
1397 1187 1366 
1184 1187 1185 
1187 1184 1174 
1170 1171 1172 
1171 1170 1169 
1168 1171 1169 
1160 1163 1162 
1160 1129 1163 
159 396 166 
395 394 392 
172 171 170 
430 171 431 
171 430 170 
400 172 165 
400 171 172 
995 996 994 
996 995 997 
995 161 998 
1214 997 1215 
996 1214 1211 
1214 996 997 
1243 1225 1228 
1225 1243 1242 
1223 1225 1224 
1225 1242 1224 
1145 1137 1080 
1133 1134 1132 
1145 1133 1137 
1133 1145 1136 
953 952 951 
1107 1110 1103 
1107 1438 1110 
1092 1107 1103 
1438 1107 1092 
1480 1108 1109 
1438 1108 1480 
1435 1094 1095 
1090 1094 1093 
1094 1435 1093 
1436 1435 1095 
1435 1436 1476 
1081 1078 1079 
1144 1078 1081 
984 985 1114 
985 1203 1114 
1203 985 988 
988 985 986 
1105 1116 1104 
1105 1102 1106 
1439 1105 1106 
1116 1105 1439 
1105 1104 1219 
1102 1105 1219 
991 155 994 
155 991 151 
152 155 151 
155 152 156 
989 990 992 
990 991 992 
991 990 151 
987 990 989 
990 149 151 
149 990 987 
624 148 623 
136 624 623 
624 136 137 
634 624 137 
148 624 284 
146 388 154 
388 146 285 
145 146 154 
146 145 142 
120 626 119 
120 117 121 
120 119 117 
250 120 121 
626 120 628 
120 250 628 
1110 1118 1117 
626 130 625 
136 133 670 
133 136 135 
971 1085 1084 
971 1432 969 
1432 627 969 
978 1118 1483 
982 141 986 
982 984 981 
985 982 986 
982 985 984 
141 144 986 
144 141 145 
144 987 986 
144 149 987 
148 143 623 
622 1429 135 
1429 622 981 
623 622 135 
143 622 623 
284 286 277 
624 286 284 
286 624 634 
275 634 288 
993 1210 992 
993 991 994 
991 993 992 
996 993 994 
1210 993 1211 
993 996 1211 
154 389 153 
388 389 154 
389 388 390 
153 389 392 
395 389 390 
389 395 392 
303 1732 1728 
303 302 107 
1732 303 107 
291 293 292 
1732 291 292 
307 303 1728 
303 307 302 
309 307 1728 
316 310 311 
317 316 311 
316 263 261 
1029 1026 1030 
1029 1030 1129 
1160 1029 1129 
1024 1023 1020 
1024 1017 1124 
1024 1124 1125 
1023 1024 1125 
1016 1024 1020 
1017 1024 1016 
1023 1022 1020 
1022 1026 1025 
1026 1022 1030 
1022 1023 1030 
1139 1135 1136 
1133 1135 1134 
1135 1133 1136 
1135 1138 1134 
1135 1139 1138 
1795 299 1793 
1730 1795 437 
296 1795 1730 
299 1795 296 
1795 436 437 
436 1795 1793 
298 301 300 
299 298 300 
298 299 297 
192 298 297 
298 192 197 
301 298 197 
179 182 180 
182 179 175 
92 179 180 
181 239 184 
370 1195 1194 
89 87 90 
90 88 91 
88 92 91 
87 88 90 
112 111 117 
379 378 376 
378 379 381 
379 93 381 
379 89 93 
950 1738 1739 
952 1738 951 
1738 952 1739 
1738 1737 951 
1200 382 1737 
1738 1200 1737 
1200 1738 950 
1069 1070 1015 
1069 1310 1070 
1312 1069 1311 
1069 1312 1310 
1020 1019 1015 
1075 1074 1072 
1148 1045 1336 
1045 1148 1003 
1006 1045 1003 
1040 1152 1150 
1336 1151 1150 
1151 1040 1150 
1735 1736 387 
99 1736 1733 
1736 99 387 
1733 1736 383 
1736 382 383 
1736 1735 382 
960 1202 112 
1202 1201 384 
385 1202 384 
959 966 963 
966 959 965 
1497 1182 1185 
1182 1184 1185 
1184 1182 1183 
1182 1181 1183 
1181 1494 1493 
1494 1497 1495 
1182 1494 1181 
1494 1182 1497 
1493 1494 1492 
1494 1495 1492 
933 934 937 
934 938 937 
938 934 1195 
1195 934 1194 
931 933 935 
930 931 935 
918 923 1164 
923 1149 1164 
923 918 919 
921 923 919 
1075 1071 1342 
1071 1011 1013 
1073 1010 1011 
1071 1073 1011 
1073 1071 1075 
1073 1075 1072 
1007 1008 1010 
1006 1007 1072 
1007 1006 1003 
1007 1073 1072 
1073 1007 1010 
1376 1374 1377 
1410 1376 1377 
1373 1376 1375 
1374 1376 1373 
1408 1406 1409 
1406 1410 1409 
1406 1408 1405 
1406 1376 1410 
1375 1406 1405 
1376 1406 1375 
1389 1423 1422 
1423 1389 1392 
1423 1392 1426 
1425 1423 1426 
1532 1425 1533 
1529 1532 1531 
1534 1532 1533 
1532 1534 1531 
1424 1421 1422 
1423 1424 1422 
1424 1423 1425 
1532 1424 1425 
1421 1424 1529 
1424 1532 1529 
1526 1524 1527 
1574 1526 1527 
1571 1526 1574 
1558 1560 1559 
1560 1558 1557 
1698 1700 1699 
1408 1698 1407 
1698 1699 1407 
1698 1701 1727 
1700 1698 1727 
1700 1754 1699 
575 577 608 
576 575 608 
577 575 489 
607 855 606 
607 608 610 
855 607 610 
861 860 858 
860 861 864 
861 859 864 
724 858 610 
611 724 610 
724 611 722 
724 722 859 
724 861 858 
861 724 859 
723 621 738 
723 722 621 
613 616 580 
613 619 616 
619 613 614 
581 613 580 
613 612 614 
612 613 581 
579 582 482 
579 578 580 
578 579 483 
579 482 483 
609 611 610 
608 609 610 
577 609 608 
456 485 488 
459 456 488 
484 481 487 
486 484 487 
485 484 486 
481 484 452 
482 480 483 
481 480 482 
480 468 483 
480 441 468 
427 422 454 
422 451 454 
422 427 421 
420 422 407 
422 421 407 
422 420 423 
451 422 423 
424 427 426 
425 424 426 
424 425 411 
406 424 411 
424 406 421 
427 424 421 
458 429 426 
458 459 449 
1411 1412 1414 
1381 1412 1411 
854 597 606 
855 854 606 
854 855 857 
856 854 857 
593 604 597 
604 572 573 
593 572 604 
865 863 868 
774 771 775 
435 434 431 
442 435 431 
435 460 434 
460 435 461 
465 472 474 
461 472 465 
472 445 474 
446 448 445 
476 448 449 
479 575 576 
479 488 489 
575 479 489 
464 558 560 
558 464 465 
464 461 465 
464 460 461 
1229 1243 1228 
1283 1257 1286 
1255 1257 1260 
1288 1285 1379 
1283 1285 1288 
1262 1283 1288 
1262 1259 1260 
1257 1262 1260 
1262 1257 1283 
1261 1262 1288 
1262 1261 1259 
1259 1261 1271 
1261 1272 1271 
1289 1290 1384 
1290 1288 1379 
1381 1290 1379 
1290 1381 1384 
1395 1385 1396 
1385 1395 1300 
1395 1297 1300 
1393 1394 1396 
1394 1395 1396 
1395 1394 1297 
1297 1394 1296 
1394 1391 1296 
1391 1394 1393 
1576 1575 1578 
1530 1575 1574 
1575 1530 1531 
1578 1575 1531 
1610 1576 1611 
1610 1608 1607 
1614 1615 1616 
1575 1573 1574 
1573 1575 1576 
1573 1610 1607 
1610 1573 1576 
870 812 836 
812 811 809 
811 774 775 
809 811 775 
1518 1521 1517 
1648 1521 1518 
1560 1564 1559 
1564 1560 1525 
1564 1571 1563 
1526 1564 1525 
1564 1526 1571 
1564 1562 1559 
1562 1564 1563 
1561 1562 1595 
1558 1561 1764 
1562 1561 1559 
1561 1558 1559 
1766 1595 1597 
1594 1554 1555 
1764 1594 1555 
1594 1766 1593 
1549 1551 1550 
1551 1500 1505 
1505 1500 1504 
1582 1545 1546 
28 31 1772 
831 31 32 
31 831 832 
31 29 32 
29 31 28 
1771 28 1772 
28 1771 27 
1771 1769 27 
1544 1545 1542 
1543 1544 1542 
1545 1544 1547 
1544 1543 1495 
1547 1544 1496 
1544 1495 1496 
788 5 6 
756 751 792 
750 751 753 
751 756 753 
323 338 325 
323 335 338 
61 360 60 
360 361 60 
361 360 359 
706 1188 1502 
1188 706 358 
912 1188 1189 
1189 1188 359 
1188 358 359 
1484 912 1485 
1188 1484 1502 
1484 1188 912 
1484 1503 1502 
1503 1484 1486 
1484 1487 1486 
1484 1485 1487 
62 63 68 
67 62 68 
63 62 61 
61 62 64 
690 696 693 
689 690 693 
696 690 742 
758 707 708 
707 705 708 
707 688 705 
707 692 688 
363 61 64 
363 360 61 
1190 920 915 
915 920 914 
920 919 914 
1191 920 1190 
367 75 369 
65 66 74 
70 65 74 
62 65 64 
65 69 64 
65 70 69 
65 67 66 
65 62 67 
191 186 187 
186 183 187 
293 294 295 
294 191 297 
186 294 293 
294 186 191 
296 294 297 
294 296 295 
327 326 329 
329 326 325 
746 749 700 
749 699 700 
699 749 750 
745 695 696 
745 746 695 
745 696 742 
743 745 742 
746 745 748 
745 743 748 
1787 1790 589 
1790 556 589 
728 729 732 
728 730 615 
601 728 615 
728 601 729 
598 568 569 
568 567 564 
568 565 569 
565 568 564 
890 894 893 
1627 1631 893 
894 1627 893 
1627 1608 1631 
892 896 35 
892 890 893 
892 35 890 
1631 899 893 
899 892 893 
892 899 896 
38 36 39 
838 38 39 
36 34 35 
29 34 33 
34 29 35 
34 38 33 
38 34 36 
896 37 35 
37 36 35 
37 896 897 
36 40 39 
37 40 36 
35 30 890 
29 30 35 
30 28 27 
30 29 28 
907 902 1635 
1614 1613 1611 
1613 1614 1616 
1608 1609 1631 
1609 1610 1611 
1610 1609 1608 
1599 1600 1607 
1608 1599 1607 
1627 1599 1608 
1601 1603 1615 
1580 1601 1615 
839 821 822 
838 839 822 
839 838 39 
56 836 834 
1628 907 1635 
1603 1628 1635 
1604 1601 1602 
1601 1604 1603 
1604 1628 1603 
1503 1552 758 
1552 1535 873 
1552 1503 1486 
1535 1552 1486 
590 1678 1788 
729 1706 732 
764 765 767 
767 765 769 
1669 720 1707 
720 1669 1670 
755 799 762 
755 754 756 
755 762 759 
754 755 759 
801 799 802 
830 801 802 
807 806 805 
803 807 805 
807 803 808 
807 831 806 
832 807 808 
831 807 832 
801 800 799 
799 800 762 
770 804 769 
765 770 769 
760 711 712 
1777 711 760 
761 1775 1778 
760 761 1778 
761 760 762 
800 761 762 
761 800 1775 
837 838 817 
818 837 817 
837 38 838 
38 837 33 
1186 1397 1398 
1186 1187 1397 
1185 1186 1498 
1187 1186 1185 
1036 1032 1027 
1032 1036 1155 
1171 1157 1172 
1036 1154 1155 
1154 1036 1156 
1154 1152 1155 
1157 1154 1156 
1154 1157 1171 
1154 1168 1152 
1154 1171 1168 
1161 1160 1162 
1368 1161 1162 
1365 1161 1368 
398 396 399 
413 398 399 
398 413 403 
396 393 399 
393 394 399 
393 396 159 
394 393 392 
393 160 392 
160 393 159 
408 405 411 
405 408 390 
408 395 390 
1247 1256 1245 
1256 1258 1255 
1247 1258 1256 
1258 1247 1273 
1275 1276 1370 
1275 1273 1276 
430 432 170 
400 401 171 
401 442 431 
171 401 431 
401 400 403 
168 172 170 
1002 432 1246 
157 158 162 
161 157 162 
155 157 994 
157 995 994 
157 161 995 
158 157 156 
157 155 156 
1226 1225 1223 
1226 1208 1209 
1226 1223 1208 
1225 1226 1228 
1470 1480 1109 
1472 1470 1109 
1098 1108 1438 
1098 1438 1093 
1435 1098 1093 
1098 1435 1476 
1094 1091 1095 
1091 1094 1090 
1095 1091 1080 
1091 1145 1080 
1136 1091 1090 
1145 1091 1136 
1457 1459 1097 
1472 1113 1086 
1113 1457 1086 
1113 1472 1109 
1436 1096 1476 
1078 957 1079 
150 145 154 
150 144 145 
144 150 149 
150 154 153 
152 150 153 
150 152 151 
149 150 151 
147 148 285 
146 147 285 
147 146 142 
143 147 142 
147 143 148 
1456 1434 1084 
1085 1473 1084 
1473 1456 1084 
627 122 969 
119 118 116 
118 968 116 
118 119 625 
627 118 625 
118 1432 968 
1432 118 627 
1431 1432 971 
1431 1434 967 
968 1431 967 
1432 1431 968 
1434 1431 1084 
1431 971 1084 
980 1429 1430 
1429 980 135 
1118 979 1117 
978 979 1118 
979 1439 1117 
979 1430 1439 
979 980 1430 
980 979 978 
622 140 981 
140 982 981 
982 140 141 
140 622 143 
141 140 142 
140 143 142 
275 276 634 
286 276 277 
276 286 634 
276 275 273 
276 404 277 
276 273 404 
255 626 628 
255 130 626 
1731 1732 107 
1731 291 1732 
1734 1731 107 
1731 1734 96 
306 315 302 
307 306 302 
306 309 308 
306 307 309 
251 250 248 
252 251 248 
1026 1028 1027 
1029 1028 1026 
1028 1036 1027 
1028 1029 1156 
1036 1028 1156 
239 238 184 
75 76 78 
85 86 175 
179 85 175 
85 179 92 
377 87 89 
377 379 376 
379 377 89 
105 249 248 
249 252 248 
249 314 252 
106 102 107 
106 105 102 
302 106 107 
314 106 302 
106 249 105 
249 106 314 
113 103 117 
111 113 117 
387 386 384 
386 385 384 
386 111 112 
1199 380 382 
1200 1199 382 
1198 1199 946 
1199 950 946 
1199 1200 950 
1199 1198 378 
380 1199 378 
1064 1312 1311 
1312 1064 1314 
1310 1343 1344 
1312 1343 1310 
1343 1314 1344 
1343 1312 1314 
1022 1021 1020 
1021 1019 1020 
1021 1022 1025 
1356 1032 1155 
1052 1328 1327 
1042 1153 1039 
1153 1040 1039 
1040 1153 1152 
1152 1153 1155 
1153 1042 1357 
1052 1359 1328 
1328 1053 1327 
1329 1053 1362 
1359 1053 1328 
1053 1330 1327 
1053 1329 1330 
1308 1074 1075 
1050 1051 1340 
1051 1306 1340 
1306 1051 1077 
1335 1151 1336 
1076 1006 1072 
1074 1076 1072 
1306 1076 1074 
1151 1041 1040 
1330 1341 1344 
1341 1342 1344 
1202 108 112 
964 960 965 
959 964 965 
953 958 963 
958 959 963 
958 953 951 
934 932 1194 
932 934 933 
931 932 933 
923 924 1149 
1149 924 1148 
924 923 921 
71 367 69 
70 71 69 
71 70 72 
71 75 367 
76 71 72 
71 76 75 
1071 1068 1342 
1068 1071 1013 
1070 1068 1013 
1310 1068 1070 
1004 1007 1003 
1007 1004 1008 
930 1004 1003 
1004 930 935 
1008 1004 935 
1699 1753 1752 
1754 1753 1699 
1753 1754 1683 
1753 1399 1752 
1753 1683 1399 
1754 1687 1683 
1687 1682 1683 
1682 1687 1716 
1755 1700 1727 
1755 1754 1700 
1687 1755 1716 
1755 1687 1754 
1761 1556 1506 
1556 1761 1763 
1763 1761 1557 
1689 1560 1557 
1683 1507 1399 
1682 1507 1683 
1507 1504 1399 
1505 1507 1506 
1507 1505 1504 
605 607 606 
605 604 573 
604 605 606 
605 576 608 
607 605 608 
735 619 734 
618 735 738 
619 735 618 
731 728 732 
728 731 730 
579 585 582 
585 616 617 
616 585 580 
585 579 580 
584 585 617 
582 585 584 
609 620 611 
620 584 617 
620 617 621 
611 620 621 
583 586 486 
486 586 489 
586 577 489 
484 457 452 
451 457 454 
457 451 452 
457 456 454 
456 457 485 
457 484 485 
453 450 441 
480 453 441 
453 452 450 
453 481 452 
453 480 481 
455 458 426 
456 455 454 
455 456 459 
458 455 459 
455 427 454 
427 455 426 
458 447 429 
447 458 449 
448 447 449 
447 448 446 
1371 1372 1402 
1402 1372 561 
1372 560 561 
560 1372 1370 
1285 1382 1379 
1382 1381 1379 
1382 1412 1381 
1401 1402 1404 
1401 1371 1402 
1382 1401 1412 
1401 1382 1371 
596 593 597 
1403 1645 1414 
1403 1401 1404 
1412 1403 1414 
1401 1403 1412 
1645 1640 1647 
1403 1640 1645 
1640 1403 1404 
848 853 852 
853 856 857 
853 857 1646 
854 849 597 
849 596 597 
596 849 848 
849 853 848 
849 854 856 
853 849 856 
596 592 593 
559 558 465 
559 465 474 
722 725 859 
723 725 722 
863 773 774 
773 771 774 
735 739 738 
444 472 461 
435 444 461 
444 435 442 
402 401 403 
401 402 442 
413 416 403 
416 402 403 
402 416 417 
417 416 419 
572 571 573 
475 571 572 
571 475 476 
570 475 572 
570 559 474 
475 473 476 
473 448 476 
448 473 445 
445 473 474 
473 570 474 
570 473 475 
574 479 576 
574 605 573 
605 574 576 
477 476 449 
479 477 488 
477 459 488 
459 477 449 
463 464 560 
1276 463 560 
460 463 462 
464 463 460 
1227 1229 1228 
1226 1227 1228 
1212 1227 1209 
1227 1226 1209 
1213 1212 1211 
1214 1213 1211 
1243 1233 1244 
1259 1233 1260 
1233 1259 1244 
1287 1290 1289 
1287 1289 1299 
1287 1261 1288 
1290 1287 1288 
1272 1287 1299 
1261 1287 1272 
1652 1654 1659 
1572 1573 1607 
1600 1572 1607 
1572 1600 1563 
1571 1572 1563 
1572 1571 1574 
1573 1572 1574 
1579 1534 1519 
1579 1578 1534 
1577 1576 1578 
1579 1577 1578 
1577 1579 1580 
1576 1577 1611 
1577 1614 1611 
1614 1577 1615 
1577 1580 1615 
1569 1568 1566 
1568 1606 1602 
1606 1568 1569 
836 813 834 
812 813 836 
813 812 809 
867 812 870 
869 867 871 
867 870 871 
867 811 812 
866 863 774 
811 866 774 
863 866 868 
867 866 811 
866 869 868 
866 867 869 
1517 1520 1519 
1521 1520 1517 
1520 1566 1519 
1520 1570 1566 
1570 1520 1521 
1570 1569 1566 
1570 1652 1569 
1653 1648 1655 
1653 1521 1648 
1653 1570 1521 
1570 1653 1652 
1654 1653 1655 
1652 1653 1654 
1549 1586 1546 
1586 1582 1546 
1766 1765 1595 
1594 1765 1766 
1765 1594 1764 
1561 1765 1764 
1765 1561 1595 
1549 1548 1551 
1548 1500 1551 
1547 1548 1546 
1548 1549 1546 
1499 1496 1498 
1548 1499 1500 
1499 1547 1496 
1499 1548 1547 
1545 1581 1542 
1582 1581 1545 
1581 1618 1542 
1581 1582 1583 
1774 830 1772 
31 1774 1772 
1774 31 832 
1774 801 830 
1774 832 808 
830 24 1772 
24 1771 1772 
829 830 802 
797 829 802 
24 829 23 
829 24 830 
1535 877 873 
1538 877 1535 
1618 1541 1542 
1541 1543 1542 
1538 1536 1539 
1536 1538 1535 
1536 1487 1539 
1487 1536 1486 
1536 1535 1486 
1584 1619 1583 
1619 1584 1585 
1582 1584 1583 
1584 1586 1585 
1586 1584 1582 
1620 1619 1585 
5 7 6 
874 875 878 
827 12 17 
877 872 873 
741 4 743 
324 323 325 
323 320 335 
320 323 211 
335 320 334 
196 195 193 
691 689 687 
691 690 689 
688 691 687 
692 691 688 
690 691 742 
707 757 692 
757 741 692 
757 707 758 
367 365 69 
69 365 64 
365 363 64 
186 185 183 
185 98 91 
180 185 91 
183 185 180 
198 326 327 
195 198 197 
198 301 197 
301 198 330 
198 327 330 
752 751 750 
749 752 750 
603 1790 1787 
1790 1789 556 
1789 569 1792 
1789 1792 555 
556 1789 555 
600 601 615 
601 600 598 
612 600 615 
567 600 612 
600 568 598 
568 600 567 
895 894 890 
1632 899 1631 
1609 1632 1631 
41 37 897 
41 40 37 
902 1634 1635 
1613 1634 1633 
1634 903 1633 
903 1634 902 
1634 1616 1635 
1634 1613 1616 
1612 1613 1633 
1632 1612 1633 
1612 1632 1609 
1613 1612 1611 
1612 1609 1611 
1600 1598 1596 
1599 1598 1600 
1596 1598 1597 
1598 1625 1597 
44 839 39 
40 44 39 
870 842 871 
56 57 836 
842 57 58 
57 870 836 
57 842 870 
901 902 907 
1605 1604 1602 
1606 1605 1602 
720 716 1707 
713 716 714 
1669 1672 764 
710 590 709 
710 1678 590 
712 710 709 
711 710 712 
1678 1785 1788 
1785 1678 1679 
716 715 714 
715 716 720 
1706 719 1670 
719 720 1670 
719 715 720 
733 764 767 
733 1669 764 
733 767 732 
1706 733 732 
733 1706 1670 
1669 733 1670 
755 796 799 
799 796 802 
796 797 802 
804 1773 808 
1773 1774 808 
1774 1773 801 
1773 800 801 
882 20 16 
888 1623 1624 
800 1776 1775 
770 1776 804 
1776 770 1775 
1776 1773 804 
1773 1776 800 
766 770 765 
1778 766 763 
1775 766 1778 
770 766 1775 
766 764 763 
766 765 764 
837 833 33 
833 32 33 
833 831 32 
831 833 806 
833 818 806 
833 837 818 
1500 1501 1504 
1504 1501 1398 
1501 1186 1398 
1186 1501 1498 
1501 1499 1498 
1499 1501 1500 
1029 1159 1156 
1159 1157 1156 
1159 1029 1160 
1161 1159 1160 
397 400 165 
398 397 396 
400 397 403 
397 398 403 
397 165 166 
396 397 166 
416 414 419 
414 416 413 
414 428 419 
428 414 415 
428 425 426 
429 428 426 
425 410 411 
410 408 411 
428 410 425 
410 428 415 
409 410 415 
410 409 408 
409 394 395 
408 409 395 
412 413 399 
412 409 415 
412 414 413 
414 412 415 
394 412 399 
409 412 394 
463 1274 462 
1274 463 1276 
1273 1274 1276 
1247 1274 1273 
1369 1275 1370 
1372 1369 1370 
1369 1372 1371 
1275 1369 1286 
1284 1258 1273 
1275 1284 1273 
1284 1275 1286 
1257 1284 1286 
1284 1257 1255 
1258 1284 1255 
433 430 434 
433 432 430 
433 434 462 
432 433 1246 
172 164 165 
168 164 172 
164 162 165 
164 161 162 
999 1002 1000 
999 1000 998 
1002 1001 1000 
1001 1245 1218 
1001 1246 1245 
1001 1002 1246 
1215 1001 1218 
1000 1001 1215 
169 168 170 
168 169 167 
432 169 170 
1002 169 432 
169 999 167 
999 169 1002 
1099 1100 1108 
1098 1099 1108 
1108 1481 1109 
1100 1481 1108 
1113 1453 1457 
1453 1113 1109 
1477 1096 1097 
1082 1096 1436 
1081 1082 1095 
1082 1436 1095 
1083 1082 1079 
1082 1081 1079 
962 953 963 
962 963 1079 
957 962 1079 
962 952 953 
962 957 952 
957 956 952 
956 1144 1137 
1133 956 1137 
956 1078 1144 
956 957 1078 
1458 1470 1472 
1118 1471 1483 
1473 1471 1118 
1471 1473 1089 
1111 1118 1110 
1480 1111 1110 
123 122 124 
125 627 625 
125 122 627 
122 125 124 
130 125 625 
671 134 133 
633 275 288 
283 633 288 
275 633 273 
659 289 138 
255 659 130 
1731 97 291 
97 96 98 
97 1731 96 
305 306 308 
306 305 315 
310 305 308 
316 305 310 
305 316 261 
314 304 252 
304 253 252 
304 314 302 
315 304 302 
253 304 315 
250 629 628 
251 629 250 
262 251 252 
253 262 252 
279 632 283 
264 317 265 
264 316 317 
264 263 316 
273 272 420 
272 265 420 
633 272 273 
272 633 283 
269 279 652 
632 271 265 
271 264 265 
242 239 181 
182 242 181 
86 173 175 
211 553 210 
88 84 92 
84 85 92 
103 110 100 
113 110 103 
110 113 111 
386 110 111 
110 387 100 
110 386 387 
1019 1067 1015 
1067 1069 1015 
1069 1067 1311 
1067 1064 1311 
1064 1065 1314 
1067 1065 1064 
1345 1327 1344 
1035 1356 1155 
1153 1035 1155 
1035 1153 1357 
1345 1348 1327 
1359 1358 1357 
1358 1359 1052 
1308 1339 1074 
1306 1339 1340 
1339 1306 1074 
1341 1339 1308 
1339 1047 1340 
1339 1341 1047 
1303 1051 1050 
1045 1337 1336 
1338 1337 1045 
1005 1338 1045 
1005 1045 1006 
1076 1005 1006 
1005 1306 1077 
1005 1076 1306 
1331 1341 1330 
1341 1331 1047 
1307 1308 1075 
1307 1341 1308 
1307 1075 1342 
1341 1307 1342 
1364 1049 1039 
1364 1363 1049 
1040 1364 1039 
1041 1364 1040 
1364 1041 1048 
1363 1364 1048 
1047 1332 1048 
1332 1363 1048 
1331 1332 1047 
109 1202 385 
109 108 1202 
386 109 385 
109 386 112 
108 109 112 
961 964 959 
1202 961 1201 
961 1202 960 
964 961 960 
954 958 951 
958 954 959 
954 961 959 
1201 954 951 
961 954 1201 
922 926 921 
1191 922 920 
922 921 919 
920 922 919 
932 1193 1194 
927 931 930 
926 925 921 
925 924 921 
927 925 926 
1068 1309 1342 
1309 1068 1310 
1342 1309 1344 
1309 1310 1344 
1524 1523 1409 
1526 1523 1524 
1698 1695 1701 
1695 1408 1409 
1695 1698 1408 
1560 1690 1525 
1690 1691 1525 
1694 1510 1516 
1686 1682 1716 
1756 1755 1727 
783 784 819 
784 783 782 
777 778 732 
778 731 732 
587 620 609 
587 586 583 
587 583 584 
620 587 584 
587 609 577 
586 587 577 
447 418 429 
428 418 419 
418 428 429 
418 447 446 
418 417 419 
417 418 446 
1382 1380 1371 
1369 1380 1286 
1380 1369 1371 
1380 1382 1285 
1380 1283 1286 
1380 1285 1283 
595 596 848 
1640 1642 1647 
1647 1642 1646 
1642 853 1646 
853 1642 852 
559 562 558 
562 592 561 
560 562 561 
558 562 560 
862 773 863 
862 865 864 
862 863 865 
773 862 725 
859 862 864 
725 862 859 
727 723 738 
739 727 738 
778 737 731 
730 737 734 
731 737 730 
443 402 417 
443 446 445 
443 417 446 
472 443 445 
444 443 472 
443 444 442 
402 443 442 
574 478 479 
478 477 479 
477 478 476 
478 571 476 
571 478 573 
478 574 573 
1229 1232 1243 
1232 1233 1243 
1231 1232 1229 
1657 1606 1569 
1652 1657 1569 
1657 1652 1659 
1579 1565 1580 
1566 1565 1519 
1565 1579 1519 
840 824 821 
839 840 821 
840 44 45 
44 840 839 
823 824 814 
823 786 783 
1591 1594 1593 
1594 1591 1554 
1554 1591 1550 
1591 1590 1550 
1586 1587 1585 
1587 1586 1549 
1587 1549 1550 
1590 1587 1550 
25 24 23 
1771 25 1769 
24 25 1771 
1541 1540 1543 
1540 1541 1538 
1540 1538 1539 
1491 1540 1539 
1543 1540 1492 
1540 1491 1492 
1537 1541 1618 
1537 877 1538 
1541 1537 1538 
798 827 797 
796 798 797 
882 879 885 
879 14 878 
879 16 14 
879 882 16 
879 880 885 
880 1621 885 
880 1620 1621 
8 872 874 
1619 1617 1583 
1617 1581 1583 
1581 1617 1618 
12 13 17 
16 13 14 
826 12 827 
826 798 793 
798 826 827 
825 826 793 
790 789 788 
794 790 825 
790 788 825 
791 794 792 
791 752 789 
791 790 794 
790 791 789 
751 791 792 
752 791 751 
2 7 5 
4 2 5 
2 8 7 
876 872 877 
876 1537 1618 
1537 876 877 
1617 876 1618 
876 1617 875 
876 875 874 
872 876 874 
743 744 748 
4 744 743 
744 4 5 
324 203 201 
326 203 325 
203 324 325 
324 322 323 
322 204 546 
322 324 204 
323 322 211 
319 211 210 
319 320 211 
320 319 526 
320 321 334 
321 320 526 
318 321 526 
321 318 73 
74 321 73 
334 321 74 
194 231 538 
194 196 193 
194 190 231 
189 194 193 
190 194 189 
513 229 538 
229 513 514 
238 240 184 
240 238 497 
741 740 692 
740 691 692 
691 740 742 
740 743 742 
740 741 743 
1 4 741 
757 1 741 
1 2 4 
364 365 367 
364 1191 1190 
365 364 363 
290 186 293 
290 185 186 
291 290 293 
185 290 98 
290 97 98 
97 290 291 
752 747 789 
747 746 748 
747 749 746 
747 752 749 
603 599 1790 
599 598 569 
1789 599 569 
599 1789 1790 
602 601 598 
599 602 598 
602 599 603 
1785 1663 1788 
1663 1785 1667 
1663 1787 1788 
1663 603 1787 
601 1704 729 
891 895 890 
891 30 27 
30 891 890 
895 1767 1625 
1593 1767 1624 
1766 1767 1593 
1625 1767 1597 
1767 1766 1597 
1632 898 899 
896 898 897 
899 898 896 
898 903 897 
903 898 1633 
898 1632 1633 
1626 1599 1627 
1626 1598 1599 
1598 1626 1625 
1626 1627 894 
1626 895 1625 
895 1626 894 
904 905 49 
904 901 907 
1628 906 907 
906 904 907 
904 906 905 
900 903 902 
901 900 902 
903 900 897 
900 41 897 
46 50 45 
813 835 834 
835 813 814 
1604 1629 1628 
1629 906 1628 
1675 1669 1707 
1675 1672 1669 
716 1675 1707 
1674 1672 1708 
1676 1711 1679 
1678 1676 1679 
710 1676 1678 
1785 1786 1667 
1712 1786 1711 
1711 1786 1679 
1786 1785 1679 
827 828 797 
828 829 797 
828 827 17 
18 828 17 
829 828 23 
828 18 23 
19 18 17 
889 1623 888 
1157 1158 1172 
1159 1158 1157 
1158 1161 1365 
1158 1159 1161 
433 1248 1246 
1248 1274 1247 
1274 1248 462 
1248 433 462 
1246 1248 1245 
1248 1247 1245 
161 163 998 
164 163 161 
163 999 998 
999 163 167 
163 168 167 
163 164 168 
1474 1098 1476 
1474 1099 1098 
1096 1474 1476 
1459 1475 1097 
1475 1477 1097 
1475 1481 1100 
1477 1475 1100 
1101 1459 1457 
1453 1101 1457 
1101 1453 1459 
1453 1455 1459 
1481 1455 1109 
1455 1453 1109 
1096 1433 1097 
1082 1433 1096 
1457 1433 1086 
1433 1457 1097 
1433 1082 1083 
1433 1434 1086 
1434 1433 1083 
952 955 1739 
956 955 952 
955 1133 1132 
955 956 1133 
1087 1458 1472 
1458 1087 1456 
1087 1472 1086 
1434 1087 1086 
1456 1087 1434 
1460 1085 971 
1451 1449 1483 
1471 1451 1483 
1451 1471 1089 
1473 1112 1456 
1448 1112 1480 
1112 1111 1480 
1112 1473 1118 
1111 1112 1118 
129 125 130 
644 665 124 
134 665 644 
669 134 644 
134 669 133 
133 669 670 
669 636 670 
972 1447 1464 
972 1460 971 
1460 972 1464 
972 971 969 
1447 972 969 
132 133 135 
132 671 133 
980 976 135 
976 132 135 
132 976 1467 
287 283 288 
287 282 283 
137 287 288 
287 137 138 
281 287 675 
287 281 282 
650 257 674 
282 684 283 
278 684 674 
684 650 674 
279 684 278 
684 279 283 
650 684 648 
684 281 648 
281 684 282 
685 647 289 
254 255 675 
254 659 255 
629 259 628 
655 259 629 
260 253 315 
260 262 253 
260 305 261 
305 260 315 
263 260 261 
262 260 263 
262 630 251 
630 271 680 
274 632 265 
272 274 265 
632 274 283 
274 272 283 
264 631 263 
271 631 264 
630 631 271 
631 262 263 
631 630 262 
279 270 632 
270 271 632 
269 270 279 
271 270 680 
270 678 680 
529 238 239 
499 530 496 
530 529 496 
529 530 535 
242 244 239 
244 529 239 
529 244 496 
244 499 496 
79 173 86 
79 86 78 
76 79 78 
176 242 182 
176 182 175 
173 176 175 
212 553 211 
322 212 211 
530 219 520 
244 245 499 
215 318 526 
215 178 177 
377 375 87 
75 77 369 
77 75 78 
1066 1067 1019 
1066 1065 1067 
1348 1066 1019 
1346 1345 1344 
1345 1346 1065 
1345 1315 1316 
1315 1345 1065 
1315 1066 1316 
1066 1315 1065 
1034 1035 1357 
1035 1034 1356 
1356 1031 1032 
1027 1059 1025 
1053 1054 1362 
1054 1053 1359 
1042 1038 1357 
1038 1037 1357 
1303 1301 1048 
1301 1303 1050 
1301 1047 1048 
1301 1050 1340 
1047 1301 1340 
1043 1303 1048 
1041 1043 1048 
1335 1043 1151 
1043 1041 1151 
1304 1337 1338 
1304 1302 1051 
1302 1304 1338 
1303 1304 1051 
1305 1005 1077 
1005 1305 1338 
1305 1302 1338 
1051 1305 1077 
1302 1305 1051 
1046 1331 1330 
1046 1332 1331 
1329 1046 1330 
1363 1046 1049 
1332 1046 1363 
1049 1046 1362 
1046 1329 1362 
364 1192 1191 
1192 922 1191 
922 1192 926 
368 370 1194 
1193 368 1194 
928 927 926 
1192 928 926 
928 1192 1193 
928 1193 932 
928 932 931 
927 928 931 
929 927 930 
929 930 1003 
925 929 924 
929 925 927 
1148 929 1003 
924 929 1148 
1515 1694 1516 
1694 1515 1697 
1515 1724 1697 
1724 1515 1516 
1725 1695 1409 
1523 1725 1409 
1725 1724 1516 
1724 1725 1523 
1724 1723 1697 
1691 1723 1525 
1723 1724 1523 
1723 1526 1525 
1723 1523 1526 
1688 1690 1560 
1690 1688 1692 
1688 1693 1722 
1689 1688 1560 
1693 1688 1689 
1701 1508 1727 
1508 1756 1727 
1756 1508 1509 
1512 1509 1692 
1512 1688 1722 
1688 1512 1692 
1690 1513 1691 
1510 1513 1509 
1510 1511 1516 
1511 1510 1509 
1508 1511 1509 
1720 1686 1716 
1755 1720 1716 
1756 1720 1755 
1720 1718 1719 
1507 1715 1506 
1715 1720 1719 
1720 1715 1686 
1715 1507 1682 
1686 1715 1682 
1762 1718 1759 
776 809 775 
771 776 775 
727 772 771 
772 776 771 
776 772 786 
783 785 782 
786 785 783 
772 785 786 
785 739 782 
785 727 739 
785 772 727 
784 816 819 
819 816 817 
818 816 815 
816 818 817 
780 777 768 
780 778 777 
805 780 768 
780 805 815 
594 592 596 
595 594 596 
594 1402 561 
592 594 561 
1402 594 1404 
594 595 1404 
1642 1643 852 
563 562 559 
563 572 593 
592 563 593 
562 563 592 
563 570 572 
570 563 559 
726 727 771 
773 726 771 
726 773 725 
726 725 723 
727 726 723 
739 736 782 
736 739 735 
736 735 734 
737 736 734 
781 737 778 
781 784 782 
736 781 782 
781 736 737 
1231 1216 1217 
1216 1215 1218 
1217 1216 1218 
1216 1214 1215 
1216 1213 1214 
1230 1231 1229 
1227 1230 1229 
1216 1230 1213 
1230 1216 1231 
1230 1227 1212 
1213 1230 1212 
1233 1234 1260 
1234 1255 1260 
1232 1234 1233 
1234 1232 1231 
1234 1217 1255 
1234 1231 1217 
1565 1567 1580 
1567 1601 1580 
1568 1567 1566 
1567 1565 1566 
1601 1567 1602 
1567 1568 1602 
810 823 814 
810 813 809 
813 810 814 
776 810 809 
823 810 786 
810 776 786 
824 820 821 
823 820 824 
820 819 821 
820 783 819 
820 823 783 
21 25 23 
18 21 23 
19 21 18 
1769 1770 27 
1770 891 27 
889 887 886 
887 889 888 
1770 887 888 
887 1770 1769 
795 798 796 
795 756 792 
793 795 792 
798 795 793 
795 755 756 
795 796 755 
881 879 878 
881 880 879 
875 881 878 
1620 881 1619 
880 881 1620 
881 1617 1619 
1617 881 875 
13 9 14 
7 9 6 
744 787 748 
787 744 5 
787 747 748 
747 787 789 
787 5 788 
789 787 788 
198 199 326 
199 203 326 
199 198 195 
319 527 526 
229 508 538 
202 547 201 
547 324 201 
324 547 204 
222 513 516 
513 222 514 
241 240 497 
0 757 758 
0 1 757 
0 1552 873 
1552 0 758 
362 364 1190 
364 362 363 
362 1189 359 
362 1190 1189 
360 362 359 
363 362 360 
1662 1663 1667 
1662 602 603 
1663 1662 603 
869 846 868 
846 1659 868 
1656 1605 1606 
1657 1656 1606 
1605 1630 1604 
1630 1629 1604 
905 53 49 
53 52 49 
53 905 908 
52 48 49 
46 48 50 
47 904 49 
904 47 901 
48 47 49 
47 48 46 
900 43 41 
43 47 46 
43 900 901 
47 43 901 
835 841 50 
50 841 45 
841 840 45 
840 841 824 
824 841 814 
841 835 814 
51 835 50 
48 51 50 
51 48 52 
51 52 56 
51 56 834 
835 51 834 
1672 721 1708 
1675 721 1672 
721 1675 716 
1673 1674 1782 
764 1673 763 
1672 1673 764 
1674 1673 1672 
1709 1676 710 
1709 711 1677 
1709 710 711 
1786 1703 1667 
1703 1662 1667 
1783 1786 1712 
1783 716 713 
1703 1783 713 
1783 1703 1786 
15 19 17 
13 15 17 
15 13 16 
20 15 16 
19 15 20 
1621 1622 885 
889 1622 1623 
1589 1622 1621 
1622 1589 1623 
884 889 886 
884 1622 889 
1622 884 885 
1588 1589 1621 
1588 1620 1585 
1620 1588 1621 
1587 1588 1585 
1588 1587 1590 
1589 1588 1590 
1592 1591 1593 
1589 1592 1623 
1591 1592 1590 
1592 1589 1590 
1592 1593 1624 
1623 1592 1624 
1175 1173 1172 
1158 1175 1172 
1173 1175 1174 
1175 1365 1174 
1175 1158 1365 
1452 1477 1100 
1477 1452 1096 
1099 1452 1100 
1475 1479 1481 
1479 1455 1481 
1479 1475 1459 
1455 1479 1459 
955 1740 1739 
949 1740 948 
1740 949 1739 
1740 1123 948 
1740 1741 1123 
1741 1740 1132 
1740 955 1132 
1478 1088 1448 
1088 1458 1456 
1458 1088 1470 
1088 1478 1470 
1112 1088 1456 
1088 1112 1448 
1450 1448 1480 
1450 1478 1448 
1470 1450 1480 
1478 1450 1470 
1460 977 978 
977 1460 1464 
1119 978 1483 
1119 1460 978 
1449 1119 1483 
129 643 125 
643 644 124 
125 643 124 
659 666 130 
666 129 130 
666 643 129 
643 666 644 
665 641 124 
645 641 665 
641 645 124 
672 1467 637 
672 132 1467 
132 672 671 
287 673 675 
255 656 675 
656 281 675 
281 656 658 
656 255 628 
259 656 628 
281 682 648 
682 281 658 
682 658 257 
682 650 648 
650 682 257 
659 660 289 
660 685 289 
660 254 675 
254 660 659 
257 676 674 
655 676 259 
279 683 652 
683 279 278 
267 629 251 
630 267 251 
267 630 680 
678 267 680 
267 269 652 
654 270 269 
270 654 678 
267 654 269 
654 267 678 
238 498 497 
529 498 238 
498 529 535 
528 530 499 
245 528 499 
219 528 531 
528 219 530 
80 79 76 
80 72 73 
80 76 72 
318 80 73 
212 217 553 
550 217 212 
530 517 535 
535 517 516 
517 530 520 
216 517 520 
517 216 518 
517 225 516 
225 517 518 
219 521 520 
521 216 520 
243 244 242 
243 245 244 
176 243 242 
243 176 177 
528 492 531 
492 528 245 
525 215 526 
174 215 177 
215 174 318 
176 174 177 
174 176 173 
174 80 318 
79 174 173 
80 174 79 
83 84 88 
83 88 87 
375 83 87 
1195 372 1196 
370 372 1195 
374 377 376 
374 375 377 
1197 374 376 
374 1197 1196 
372 374 1196 
374 372 375 
84 82 85 
82 77 78 
86 82 78 
85 82 86 
1066 1347 1316 
1347 1066 1348 
1347 1345 1316 
1347 1348 1345 
1065 1313 1314 
1346 1313 1065 
1314 1313 1344 
1313 1346 1344 
1034 1355 1356 
1355 1031 1356 
1033 1355 1034 
1358 1033 1357 
1033 1034 1357 
1031 1353 1032 
1032 1353 1027 
1031 1058 1321 
1355 1058 1031 
1033 1057 1323 
1057 1058 1323 
1057 1056 1058 
1060 1348 1019 
1054 1361 1362 
1038 1361 1037 
1361 1049 1362 
1361 1038 1042 
1361 1042 1039 
1049 1361 1039 
1360 1054 1359 
1360 1359 1357 
1037 1360 1357 
1361 1360 1037 
1360 1361 1054 
1333 1043 1335 
1043 1333 1303 
1304 1044 1337 
1044 1304 1303 
1333 1044 1303 
366 364 367 
366 1192 364 
366 367 369 
368 366 369 
1192 366 1193 
366 368 1193 
1514 1510 1694 
1514 1694 1697 
1723 1514 1697 
1514 1513 1510 
1514 1723 1691 
1513 1514 1691 
1721 1690 1692 
1721 1513 1690 
1509 1721 1692 
1513 1721 1509 
1511 1696 1516 
1696 1511 1695 
1696 1725 1516 
1725 1696 1695 
1695 1726 1701 
1511 1726 1695 
1726 1508 1701 
1726 1511 1508 
1718 1757 1759 
1720 1757 1718 
1757 1720 1756 
1693 1757 1722 
1757 1512 1722 
1757 1756 1509 
1512 1757 1509 
1715 1684 1506 
1684 1715 1719 
780 779 778 
781 779 784 
779 781 778 
779 816 784 
816 779 815 
779 780 815 
851 848 852 
1643 851 852 
851 850 848 
850 595 848 
1641 1642 1640 
1641 1643 1642 
1641 1640 1404 
1641 851 1643 
1641 850 851 
595 1641 1404 
850 1641 595 
1768 1770 888 
1768 1767 895 
891 1768 895 
1770 1768 891 
1768 888 1624 
1767 1768 1624 
887 26 886 
21 26 25 
25 26 1769 
26 887 1769 
14 10 878 
9 10 14 
10 874 878 
10 8 874 
8 10 7 
10 9 7 
9 11 6 
11 788 6 
788 11 825 
11 826 825 
826 11 12 
11 13 12 
11 9 13 
208 207 546 
208 550 207 
209 322 546 
207 209 546 
209 212 322 
209 550 212 
550 209 207 
202 541 510 
196 200 195 
200 199 195 
203 200 201 
199 200 203 
194 232 196 
228 226 229 
206 545 546 
223 229 514 
223 206 229 
223 545 206 
222 223 514 
545 223 222 
544 547 202 
228 544 202 
503 241 497 
241 503 500 
513 539 516 
506 539 513 
231 537 538 
506 537 231 
537 513 538 
537 506 513 
235 241 500 
1 3 2 
0 3 1 
8 3 872 
2 3 8 
872 3 873 
3 0 873 
1702 713 714 
1704 1705 729 
1705 1706 729 
842 844 871 
844 869 871 
846 1658 1659 
1656 1658 1661 
1658 1657 1659 
1658 1656 1657 
1630 911 1629 
1629 911 906 
905 911 908 
906 911 905 
53 54 52 
52 54 56 
57 54 58 
54 57 56 
42 43 46 
44 42 45 
42 46 45 
42 44 40 
41 42 40 
43 42 41 
1714 1780 1782 
1780 1714 1779 
1784 1714 1782 
1714 1784 1712 
1784 1783 1712 
1784 1674 1708 
1674 1784 1782 
721 1784 1708 
1784 721 716 
1783 1784 716 
1779 1710 1777 
1714 1710 1779 
1710 711 1777 
711 1710 1677 
1710 1681 1677 
1681 1710 1714 
1676 1680 1711 
1709 1680 1676 
1680 1712 1711 
1680 1709 1712 
883 884 886 
883 20 882 
883 882 885 
884 883 885 
1474 1454 1099 
1454 1452 1099 
1454 1474 1096 
1452 1454 1096 
977 1468 978 
1468 980 978 
1468 976 980 
1119 1461 1460 
1473 1461 1089 
1461 1473 1085 
1460 1461 1085 
664 1445 123 
1445 664 663 
1445 970 123 
122 970 969 
123 970 122 
1466 1445 663 
1467 1466 637 
670 139 138 
636 139 670 
139 659 138 
139 666 659 
1466 638 637 
647 686 289 
289 686 138 
686 287 138 
660 256 685 
685 256 647 
673 256 675 
256 660 675 
258 656 259 
676 258 259 
656 258 658 
658 258 257 
258 676 257 
280 676 655 
280 278 674 
676 280 674 
266 655 629 
267 266 629 
549 217 550 
549 550 224 
216 549 518 
217 549 216 
225 549 224 
549 225 518 
243 246 245 
492 246 178 
246 492 245 
178 246 177 
246 243 177 
491 221 495 
491 219 531 
221 491 531 
213 523 495 
524 493 178 
493 524 490 
215 524 178 
525 524 215 
373 83 375 
372 373 375 
373 372 370 
1055 1033 1358 
1055 1358 1052 
1325 1055 1052 
1057 1055 1325 
1055 1057 1033 
1324 1033 1323 
1033 1324 1355 
1058 1324 1323 
1324 1058 1355 
1354 1031 1321 
1354 1353 1031 
1353 1354 1027 
1354 1059 1027 
1059 1354 1321 
1322 1059 1321 
1322 1056 1059 
1058 1322 1321 
1056 1322 1058 
1326 1325 1052 
1326 1057 1325 
1057 1326 1349 
1317 1326 1348 
1326 1052 1327 
1348 1326 1327 
1021 1063 1019 
1063 1060 1019 
1349 1063 1021 
1060 1318 1348 
1318 1317 1348 
1063 1318 1060 
1318 1063 1317 
1337 1334 1336 
1044 1334 1337 
1334 1335 1336 
1334 1333 1335 
1334 1044 1333 
1757 1758 1759 
1758 1693 1689 
1758 1757 1693 
1718 1685 1719 
1685 1684 1719 
26 22 886 
22 26 21 
22 883 886 
883 22 20 
22 19 20 
22 21 19 
551 208 546 
550 551 224 
208 551 550 
218 491 495 
491 218 219 
218 521 219 
553 218 210 
200 542 201 
542 200 541 
542 202 201 
542 541 202 
233 194 538 
233 232 194 
508 233 538 
232 233 508 
226 540 229 
541 227 510 
200 227 541 
227 200 196 
228 509 226 
227 509 510 
509 227 226 
509 202 510 
509 228 202 
548 545 222 
551 548 224 
548 225 224 
545 548 546 
548 551 546 
544 515 206 
515 544 228 
544 205 547 
205 544 206 
547 205 204 
204 205 546 
205 206 546 
501 532 535 
532 498 535 
498 532 497 
532 503 497 
539 534 516 
534 535 516 
190 230 231 
539 230 190 
234 235 500 
503 234 500 
234 532 501 
532 234 503 
241 188 240 
235 188 241 
240 188 184 
188 187 184 
188 189 187 
188 190 189 
188 235 190 
1665 1664 714 
1664 1702 714 
1664 1704 601 
1704 1664 1665 
602 1664 601 
1662 1664 602 
717 1705 1704 
1705 717 718 
715 717 714 
717 1665 714 
717 1704 1665 
1671 1705 718 
1671 719 1706 
1705 1671 1706 
843 842 58 
843 844 842 
1638 1658 846 
847 1638 846 
1636 1638 847 
55 53 908 
55 54 53 
54 55 58 
1781 1780 1779 
1673 1781 763 
1781 1673 1782 
1780 1781 1782 
1781 1777 763 
1781 1779 1777 
1709 1713 1712 
1713 1714 1712 
1713 1681 1714 
1713 1709 1677 
1681 1713 1677 
1440 1468 977 
1461 1482 1089 
1482 1461 1119 
1482 1451 1089 
1451 1482 1449 
1482 1119 1449 
642 664 123 
642 123 124 
645 642 124 
646 645 663 
664 646 663 
646 642 645 
642 646 664 
976 975 1467 
669 640 636 
640 139 636 
139 662 666 
666 662 644 
638 667 637 
126 1466 663 
126 638 1466 
649 673 287 
686 649 287 
649 686 647 
256 649 647 
649 256 673 
280 651 278 
679 267 652 
679 266 267 
247 492 178 
493 247 178 
220 221 531 
221 220 495 
492 220 531 
247 220 492 
220 493 490 
220 247 493 
522 525 526 
522 213 525 
527 522 526 
523 522 527 
213 522 523 
524 494 490 
494 220 490 
213 494 525 
494 524 525 
494 213 495 
220 494 495 
81 82 84 
83 81 84 
373 81 83 
82 81 77 
371 373 370 
77 371 369 
81 371 77 
371 81 373 
371 368 369 
368 371 370 
1062 1021 1025 
1319 1057 1349 
1319 1320 1057 
1319 1062 1320 
1057 1351 1056 
1320 1351 1057 
1062 1351 1320 
1326 1350 1349 
1350 1326 1317 
1350 1063 1349 
1063 1350 1317 
1758 1760 1759 
1760 1758 1689 
1760 1762 1759 
1760 1689 1557 
1761 1760 1557 
1762 1760 1761 
1717 1685 1718 
1685 1717 1684 
1684 1717 1506 
1717 1761 1506 
1717 1762 1761 
1762 1717 1718 
523 214 495 
214 218 495 
214 523 527 
218 214 210 
214 319 210 
214 527 319 
552 218 553 
218 552 521 
217 552 553 
552 217 216 
521 552 216 
511 508 229 
540 511 229 
511 232 508 
511 540 232 
543 540 226 
227 543 226 
543 227 196 
232 543 196 
540 543 232 
519 222 516 
519 548 222 
225 519 516 
548 519 225 
512 228 229 
512 515 228 
206 512 229 
515 512 206 
502 501 535 
502 237 501 
237 234 501 
234 237 235 
505 539 506 
505 230 539 
505 506 231 
230 505 231 
1666 1664 1662 
1664 1666 1702 
1703 1666 1662 
1666 1703 713 
1702 1666 713 
717 1668 718 
1668 1671 718 
1671 1668 719 
719 1668 715 
1668 717 715 
845 847 846 
845 843 847 
843 845 844 
845 846 869 
844 845 869 
909 55 908 
1660 1656 1661 
1656 1660 1605 
1660 1630 1605 
1658 1639 1661 
1638 1639 1658 
1639 1638 1636 
1441 1466 1467 
975 1441 1467 
1468 1469 976 
1469 975 976 
1440 1469 1468 
1446 1447 969 
970 1446 969 
1469 1446 975 
1446 1469 973 
1447 1446 1464 
1444 970 1445 
1466 1463 1445 
128 669 644 
662 128 644 
128 640 669 
640 128 139 
128 662 139 
668 667 638 
126 668 638 
667 635 637 
635 672 637 
672 635 671 
635 134 671 
661 645 665 
661 667 645 
661 665 134 
1061 1319 1349 
1319 1061 1062 
1061 1349 1021 
1062 1061 1021 
1056 1352 1059 
1351 1352 1056 
1059 1352 1025 
1352 1062 1025 
1352 1351 1062 
534 533 535 
533 502 535 
237 533 534 
533 237 502 
236 539 190 
235 236 190 
237 236 235 
59 1636 847 
59 909 1636 
59 843 58 
843 59 847 
55 59 58 
909 59 55 
1660 910 1630 
910 911 1630 
911 910 908 
910 909 908 
1637 1639 1636 
1637 910 1660 
1637 1660 1661 
1639 1637 1661 
909 1637 1636 
910 1637 909 
1462 977 1464 
1462 973 977 
1446 1462 1464 
1462 1446 973 
1442 1440 977 
973 1442 977 
1442 1469 1440 
1469 1442 973 
1441 1443 1466 
1443 1441 975 
1465 1444 1445 
1463 1465 1445 
1465 1463 975 
1444 1465 970 
1465 1446 970 
1446 1465 975 
131 126 663 
131 668 126 
668 131 667 
645 131 663 
667 131 645 
639 667 134 
635 639 134 
639 635 667 
667 127 134 
127 661 134 
661 127 667 
657 280 655 
657 651 280 
266 657 655 
653 681 683 
681 653 651 
653 683 278 
651 653 278 
681 677 683 
683 677 652 
677 679 652 
679 677 266 
677 657 266 
657 677 681 
536 534 539 
536 507 534 
236 536 539 
507 536 236 
504 237 534 
507 504 534 
504 236 237 
504 507 236 
1463 974 975 
974 1443 975 
974 1463 1466 
1443 974 1466 
268 681 651 
657 268 651 
268 657 681 
