1006
175 32 215 
226 171 172 
209 257 256 
252 209 256 
41 500 276 
502 531 214 
41 502 588 
502 41 531 
32 321 215 
240 236 26 
237 236 240 
223 160 174 
225 223 174 
229 225 174 
175 229 174 
273 45 203 
257 47 262 
47 257 209 
45 47 46 
234 238 240 
238 242 246 
261 252 256 
261 250 240 
254 261 256 
250 261 254 
582 580 435 
582 406 359 
406 363 359 
234 566 523 
224 226 172 
584 436 581 
584 280 436 
472 455 473 
580 455 435 
455 472 435 
455 436 473 
436 455 581 
205 31 32 
31 205 204 
31 266 32 
266 31 295 
517 498 390 
574 498 497 
278 582 435 
158 159 172 
252 253 209 
299 273 203 
44 273 204 
205 44 204 
73 32 175 
73 205 32 
44 207 43 
207 44 205 
171 170 172 
170 158 172 
33 41 276 
289 33 276 
33 171 214 
531 33 214 
41 33 531 
250 251 247 
251 250 254 
210 254 256 
257 210 256 
503 505 215 
321 503 215 
503 403 505 
403 503 589 
237 329 569 
241 250 247 
241 233 237 
250 241 240 
241 237 240 
223 221 160 
221 251 219 
221 223 247 
251 221 247 
245 223 225 
223 245 247 
245 241 247 
241 245 233 
509 372 399 
323 175 215 
323 229 175 
505 323 215 
229 323 505 
238 230 242 
230 238 234 
261 248 252 
248 238 246 
238 248 240 
248 261 240 
235 240 26 
235 234 240 
404 363 406 
404 41 588 
404 500 41 
171 529 214 
529 171 226 
7 546 548 
7 582 359 
546 5 548 
543 5 546 
224 222 242 
242 222 246 
159 222 172 
222 224 172 
224 227 226 
584 356 6 
280 585 501 
584 585 280 
407 585 584 
496 574 497 
36 321 32 
283 36 32 
36 503 321 
503 36 589 
36 283 501 
281 280 501 
283 281 501 
290 283 32 
266 290 32 
372 376 399 
577 496 497 
496 577 415 
236 520 26 
520 25 26 
498 412 390 
412 498 574 
498 337 497 
337 498 517 
487 289 442 
438 446 442 
446 438 447 
208 75 46 
208 47 209 
47 208 46 
253 208 209 
44 275 273 
275 45 273 
47 275 262 
275 47 45 
48 175 174 
33 178 171 
45 202 203 
178 202 179 
202 178 33 
34 299 203 
202 34 203 
34 202 33 
34 301 299 
301 34 264 
221 169 160 
48 161 50 
160 161 174 
161 48 174 
42 257 262 
42 210 257 
42 44 43 
275 42 262 
42 275 44 
210 255 254 
255 251 254 
251 255 219 
207 213 43 
403 565 505 
233 232 237 
232 329 237 
245 244 233 
244 245 225 
521 566 234 
235 521 234 
332 235 26 
28 332 26 
332 28 514 
332 521 235 
470 278 435 
472 470 435 
462 470 472 
504 502 214 
529 504 214 
504 529 226 
404 583 500 
583 404 406 
583 406 582 
583 278 500 
278 583 582 
404 586 363 
367 586 588 
586 404 588 
559 563 523 
4 543 546 
354 7 548 
582 578 580 
5 3 542 
3 5 543 
3 366 542 
548 550 338 
5 550 548 
550 5 552 
243 224 242 
243 227 224 
230 243 242 
454 472 473 
465 464 473 
464 454 473 
463 462 472 
454 463 472 
476 446 447 
534 266 295 
356 357 6 
357 549 6 
549 357 8 
579 584 581 
579 356 584 
579 343 356 
357 343 8 
343 357 356 
577 576 415 
496 414 574 
38 281 283 
290 30 283 
38 30 291 
30 38 283 
549 547 6 
573 392 393 
518 573 393 
573 518 25 
499 577 497 
337 499 497 
499 518 393 
499 337 518 
550 347 341 
29 337 517 
337 29 518 
29 28 26 
28 29 517 
25 29 26 
518 29 25 
438 284 278 
284 288 39 
284 438 442 
288 284 442 
249 248 246 
249 253 252 
248 249 252 
216 222 159 
78 216 159 
222 216 246 
216 249 246 
75 206 46 
119 206 75 
206 63 83 
63 206 119 
206 45 46 
206 202 45 
65 57 75 
97 119 75 
57 97 75 
217 208 253 
249 217 253 
216 217 249 
73 180 205 
167 170 171 
178 167 171 
167 94 52 
167 178 179 
94 167 179 
170 51 158 
150 51 190 
202 66 179 
66 94 179 
66 206 83 
206 66 202 
301 308 299 
123 213 207 
213 123 99 
164 161 160 
161 155 50 
255 211 219 
211 255 210 
213 211 43 
211 42 43 
42 211 210 
401 565 403 
565 401 507 
509 401 372 
401 509 507 
560 376 377 
560 381 397 
376 560 399 
557 560 377 
560 397 329 
325 229 505 
565 325 505 
325 565 507 
564 232 233 
560 564 399 
564 509 399 
232 564 329 
564 560 329 
563 231 523 
231 563 230 
231 234 523 
231 230 234 
396 559 523 
5 554 552 
358 4 546 
358 7 359 
7 358 546 
363 358 359 
9 548 338 
9 354 548 
7 355 582 
355 578 582 
354 355 7 
3 362 366 
586 362 363 
362 3 543 
366 362 367 
362 586 367 
4 362 543 
362 358 363 
358 362 4 
550 11 338 
11 550 341 
243 527 227 
227 527 226 
527 504 226 
527 525 506 
525 527 243 
563 525 230 
525 243 230 
441 437 280 
437 468 280 
434 438 278 
438 434 447 
474 463 454 
464 474 454 
437 448 469 
448 437 441 
448 460 469 
456 457 447 
457 456 480 
460 457 480 
448 457 460 
576 342 415 
411 496 415 
496 411 455 
342 411 415 
411 342 343 
455 411 581 
411 579 581 
411 343 579 
345 576 348 
349 345 348 
342 345 10 
345 342 576 
10 345 551 
345 349 551 
576 413 348 
413 576 577 
499 413 577 
413 499 393 
575 412 574 
414 575 574 
355 339 578 
339 9 338 
9 339 354 
339 355 354 
410 496 455 
410 414 496 
410 455 580 
578 410 580 
339 410 578 
281 287 280 
38 287 281 
287 441 280 
287 38 291 
31 267 295 
302 267 31 
303 538 302 
303 302 31 
304 303 305 
538 303 304 
273 303 204 
303 31 204 
545 557 377 
545 369 2 
368 403 589 
0 545 2 
545 0 557 
0 547 549 
0 549 551 
520 515 25 
515 573 25 
329 511 569 
397 511 329 
352 353 349 
352 349 348 
352 413 393 
413 352 348 
553 0 551 
0 553 555 
13 550 552 
13 347 550 
487 265 289 
533 265 487 
265 33 289 
265 34 33 
446 483 442 
483 487 442 
489 534 295 
267 489 295 
492 489 267 
449 448 441 
448 449 476 
289 35 442 
35 288 442 
35 289 276 
39 35 276 
288 35 39 
277 39 276 
277 284 39 
284 277 278 
500 277 276 
278 277 500 
65 82 74 
82 65 75 
208 82 75 
82 217 74 
217 82 208 
149 111 50 
168 180 73 
180 168 195 
168 73 175 
48 168 175 
72 180 195 
180 72 205 
72 207 205 
72 85 207 
113 66 83 
66 113 94 
108 150 190 
101 63 119 
118 101 119 
101 108 63 
133 51 170 
167 133 170 
133 167 52 
306 301 264 
306 308 301 
60 200 77 
56 213 99 
56 60 213 
50 151 191 
155 151 50 
91 155 161 
381 568 397 
568 511 397 
16 560 557 
560 16 381 
381 16 380 
16 555 380 
16 0 555 
0 16 557 
228 244 225 
228 325 244 
229 228 225 
325 228 229 
244 526 233 
526 564 233 
526 325 507 
325 526 244 
509 526 507 
564 526 509 
398 563 559 
562 527 506 
527 562 504 
387 391 570 
570 391 390 
554 15 552 
15 554 382 
556 5 542 
554 379 382 
451 437 469 
437 451 468 
460 451 469 
471 453 465 
436 471 473 
471 465 473 
280 471 436 
468 471 280 
453 471 468 
461 453 468 
451 461 468 
461 451 460 
453 461 465 
461 464 465 
461 460 464 
470 466 278 
466 434 278 
474 458 463 
456 458 480 
463 458 456 
458 474 464 
458 460 480 
460 458 464 
475 476 447 
457 475 447 
475 448 476 
475 457 448 
344 342 10 
342 344 343 
343 344 8 
344 549 8 
549 344 551 
344 10 551 
575 340 341 
340 575 414 
11 340 338 
340 11 341 
340 339 338 
410 340 414 
340 410 339 
347 346 341 
346 575 341 
575 346 412 
538 307 302 
307 267 302 
492 307 538 
307 492 267 
373 545 377 
373 376 372 
376 373 377 
522 237 569 
522 236 237 
522 520 236 
573 513 392 
515 513 573 
513 522 569 
513 515 520 
522 513 520 
389 388 384 
388 389 353 
389 553 353 
392 571 393 
571 352 393 
388 571 392 
571 388 353 
352 571 353 
349 12 551 
12 553 551 
353 12 349 
553 12 353 
350 570 390 
350 346 347 
412 350 390 
346 350 412 
265 292 34 
292 265 533 
34 292 264 
476 486 446 
449 486 476 
445 30 290 
30 445 291 
445 449 441 
445 287 291 
287 445 441 
158 162 159 
65 59 57 
59 140 57 
97 124 119 
124 104 119 
104 124 100 
51 154 158 
154 51 150 
197 50 191 
197 149 50 
168 49 195 
149 147 111 
63 105 83 
105 113 83 
136 101 118 
101 136 108 
108 136 150 
133 109 51 
200 201 77 
77 201 219 
201 221 219 
201 169 221 
201 185 169 
185 201 200 
60 84 213 
84 60 77 
84 211 213 
84 77 219 
211 84 219 
130 145 143 
56 131 55 
395 568 384 
395 388 392 
388 395 384 
513 395 392 
568 395 511 
511 395 569 
395 513 569 
400 562 506 
398 375 371 
375 370 371 
375 398 559 
510 567 396 
566 510 523 
510 396 523 
394 391 387 
394 510 566 
510 394 567 
391 572 390 
572 517 390 
572 28 517 
28 572 514 
521 512 566 
572 512 514 
512 572 391 
512 394 566 
394 512 391 
512 332 514 
332 512 521 
386 15 382 
15 386 552 
17 554 5 
556 17 5 
17 379 554 
17 556 559 
378 567 382 
379 378 382 
567 378 396 
396 378 559 
378 17 559 
17 378 379 
452 470 462 
452 466 470 
466 450 434 
545 561 369 
373 561 545 
561 373 372 
561 368 369 
401 561 372 
561 401 403 
368 561 403 
587 368 589 
547 361 6 
1 361 547 
385 389 384 
555 385 380 
385 381 380 
568 385 384 
385 568 381 
553 14 555 
389 14 553 
14 385 555 
385 14 389 
13 351 347 
351 350 347 
351 13 552 
386 351 552 
351 386 387 
351 387 570 
350 351 570 
292 488 264 
488 533 487 
488 292 533 
484 486 449 
433 484 420 
484 483 446 
486 484 446 
534 490 266 
489 490 534 
490 290 266 
490 445 290 
165 78 159 
162 165 159 
140 125 57 
125 58 57 
117 118 119 
104 117 119 
152 100 150 
152 104 100 
152 117 104 
136 152 150 
152 136 118 
117 152 118 
154 90 158 
125 90 58 
124 96 100 
100 96 150 
96 154 150 
49 193 195 
193 147 195 
147 193 111 
111 134 50 
134 48 50 
193 134 111 
134 193 49 
134 168 48 
134 49 168 
135 147 149 
197 135 149 
114 106 85 
147 114 195 
135 114 147 
114 72 195 
72 114 85 
151 110 191 
110 197 191 
102 120 123 
108 112 63 
112 105 63 
105 112 113 
113 146 94 
169 166 160 
166 164 160 
187 185 200 
145 187 143 
187 145 164 
185 187 164 
187 60 143 
60 187 200 
60 54 143 
56 54 60 
126 56 55 
91 126 55 
123 127 99 
61 139 155 
91 189 155 
189 61 155 
189 131 61 
189 91 55 
131 189 55 
131 122 61 
122 139 61 
122 56 99 
122 131 56 
127 122 99 
139 122 127 
508 398 371 
400 508 371 
508 400 506 
525 508 506 
508 525 563 
398 508 563 
558 400 371 
558 366 367 
370 558 371 
366 558 542 
558 370 542 
400 402 562 
562 402 504 
402 558 367 
558 402 400 
402 367 588 
502 402 588 
504 402 502 
370 374 542 
375 374 370 
374 556 542 
556 374 559 
374 375 559 
567 383 382 
394 383 567 
383 394 387 
383 386 382 
386 383 387 
452 459 466 
450 459 456 
459 450 466 
459 452 462 
463 459 462 
459 463 456 
434 467 447 
450 467 434 
467 456 447 
467 450 456 
405 587 589 
405 36 501 
36 405 589 
585 405 501 
587 405 364 
405 585 407 
364 405 407 
365 587 364 
369 365 2 
368 365 369 
587 365 368 
361 365 364 
365 361 1 
360 364 407 
360 361 364 
360 407 584 
360 584 6 
361 360 6 
306 491 308 
491 306 264 
488 491 264 
429 488 487 
491 429 493 
429 491 488 
485 484 449 
445 485 449 
490 485 445 
144 186 162 
129 125 140 
90 188 58 
188 90 154 
116 124 97 
116 97 57 
62 110 102 
85 62 207 
106 62 85 
62 123 207 
62 102 123 
107 127 123 
127 107 103 
110 137 102 
137 120 102 
137 110 151 
92 108 190 
92 112 108 
51 92 190 
146 192 94 
192 146 109 
94 192 52 
192 133 52 
192 109 133 
112 132 113 
132 146 113 
92 132 112 
220 185 164 
166 220 164 
185 220 169 
220 166 169 
126 141 56 
141 126 130 
141 54 56 
141 130 143 
54 141 143 
130 157 145 
126 157 130 
157 126 91 
157 91 161 
164 157 161 
145 157 164 
98 127 103 
98 139 127 
139 98 155 
98 151 155 
98 103 151 
365 544 2 
544 365 1 
544 0 2 
0 544 547 
544 1 547 
429 21 493 
419 484 433 
483 431 487 
431 429 487 
484 431 483 
419 431 484 
430 490 489 
430 489 492 
494 430 492 
430 494 20 
21 22 493 
298 270 299 
316 270 298 
299 270 273 
270 303 273 
303 270 305 
270 316 305 
484 432 420 
485 432 484 
432 485 490 
430 432 490 
88 65 74 
88 186 65 
79 165 162 
165 79 78 
156 129 144 
129 156 125 
156 90 125 
90 156 158 
156 162 158 
156 144 162 
142 186 144 
129 142 144 
142 129 140 
59 142 140 
142 59 65 
186 142 65 
64 188 154 
110 115 197 
62 115 110 
115 135 197 
115 62 106 
114 115 106 
115 114 135 
120 121 123 
121 107 123 
148 132 92 
109 148 51 
148 92 51 
146 148 109 
132 148 146 
296 491 493 
310 296 493 
491 296 308 
296 310 308 
310 300 308 
300 310 298 
308 300 299 
300 298 299 
22 426 423 
426 22 21 
418 419 433 
418 433 420 
426 421 423 
418 421 419 
421 21 429 
421 426 21 
421 417 423 
421 418 417 
540 538 304 
540 304 305 
314 310 493 
22 314 493 
540 314 494 
86 88 74 
217 86 74 
86 216 78 
86 217 216 
64 138 116 
138 96 124 
116 138 124 
96 138 154 
138 64 154 
188 128 58 
64 128 188 
58 128 57 
128 116 57 
128 64 116 
121 153 107 
103 153 151 
107 153 103 
153 137 151 
137 153 120 
153 121 120 
23 421 429 
421 23 419 
431 23 429 
23 431 419 
427 22 423 
418 422 417 
422 424 417 
422 418 420 
422 428 424 
422 430 20 
428 422 20 
297 494 492 
297 540 494 
297 492 538 
540 297 538 
310 319 298 
319 540 305 
86 184 88 
88 184 186 
79 184 78 
184 86 78 
186 184 162 
184 79 162 
424 425 417 
427 425 424 
417 425 423 
425 427 423 
495 314 22 
18 422 420 
422 18 430 
432 18 420 
18 432 430 
314 269 310 
269 319 310 
269 314 540 
319 269 540 
315 316 298 
319 315 298 
316 315 305 
315 319 305 
427 416 22 
416 495 22 
19 427 424 
19 416 427 
428 19 424 
416 19 495 
494 19 20 
19 428 20 
314 19 494 
495 19 314 
